// Initial random seed:
1634549351289

// RunInitializeCallbacks():
initializeMutationRate(1e-07);
initializeMutationType(1, 0.5, "f", 0);
initializeGenomicElementType(1, m1, 1);
initializeGenomicElement(g1, 0, 999999);
initializeRecombinationRate(1e-08);

// Starting run at generation <start>:
1 

#OUT: 10000 F
Mutations:
0 2669 m1 827423 0 0.5 p1 14 1221
1 93156 m1 902570 0 0.5 p1 465 2316
2 88820 m1 132730 0 0.5 p1 443 2589
3 103575 m1 148977 0 0.5 p1 516 2589
4 23159 m1 164416 0 0.5 p1 116 2589
5 50606 m1 212249 0 0.5 p1 252 2640
6 89120 m1 216082 0 0.5 p1 444 2640
7 8664 m1 219922 0 0.5 p1 43 2640
8 38566 m1 229036 0 0.5 p1 192 2640
9 93256 m1 249115 0 0.5 p1 465 2640
10 37706 m1 257151 0 0.5 p1 188 2640
11 100761 m1 261442 0 0.5 p1 502 2640
12 70366 m1 188041 0 0.5 p1 350 2647
13 179481 m1 918153 0 0.5 p1 893 2810
14 45045 m1 922919 0 0.5 p1 224 2810
15 77288 m1 928909 0 0.5 p1 385 2810
16 30771 m1 934751 0 0.5 p1 153 2810
17 147139 m1 392599 0 0.5 p1 731 3068
18 72708 m1 413443 0 0.5 p1 362 3068
19 167901 m1 210548 0 0.5 p1 835 3102
20 371144 m1 212204 0 0.5 p1 1851 3102
21 184171 m1 212624 0 0.5 p1 916 3102
22 342231 m1 214936 0 0.5 p1 1706 3102
23 120068 m1 215829 0 0.5 p1 597 3102
24 990 m1 301655 0 0.5 p1 6 3149
25 120060 m1 309619 0 0.5 p1 597 3149
26 13430 m1 324230 0 0.5 p1 67 3149
27 56786 m1 325950 0 0.5 p1 282 3149
28 177510 m1 435749 0 0.5 p1 883 3193
29 165807 m1 441670 0 0.5 p1 824 3193
30 75445 m1 528349 0 0.5 p1 375 3224
31 23295 m1 557873 0 0.5 p1 116 3224
32 147164 m1 560604 0 0.5 p1 731 3441
33 81597 m1 564655 0 0.5 p1 406 3441
34 57803 m1 565023 0 0.5 p1 287 3441
35 71462 m1 5479 0 0.5 p1 355 3450
36 327551 m1 17257 0 0.5 p1 1632 3450
37 333810 m1 17473 0 0.5 p1 1664 3450
38 306845 m1 31558 0 0.5 p1 1529 3450
39 123480 m1 35245 0 0.5 p1 614 3450
40 363021 m1 39617 0 0.5 p1 1810 3450
41 146259 m1 43760 0 0.5 p1 727 3450
42 60345 m1 52928 0 0.5 p1 300 3450
43 252276 m1 54858 0 0.5 p1 1256 3450
44 216050 m1 57620 0 0.5 p1 1075 3450
45 326695 m1 66717 0 0.5 p1 1628 3450
46 416488 m1 4016 0 0.5 p1 2078 3478
47 385296 m1 181040 0 0.5 p1 1922 3572
48 214785 m1 194276 0 0.5 p1 1068 3572
49 270028 m1 203998 0 0.5 p1 1345 3572
50 161400 m1 935371 0 0.5 p1 802 3650
51 423682 m1 55185 0 0.5 p1 2113 3695
52 278107 m1 828353 0 0.5 p1 1385 3704
53 160695 m1 833735 0 0.5 p1 799 3704
54 28015 m1 833840 0 0.5 p1 140 3704
55 132898 m1 844173 0 0.5 p1 661 3704
56 152014 m1 844245 0 0.5 p1 755 3704
57 140273 m1 850225 0 0.5 p1 697 3704
58 258926 m1 851030 0 0.5 p1 1289 3704
59 332286 m1 851793 0 0.5 p1 1656 3704
60 69706 m1 859613 0 0.5 p1 346 3704
61 370045 m1 143513 0 0.5 p1 1846 3865
62 228164 m1 145678 0 0.5 p1 1136 3865
63 196510 m1 146281 0 0.5 p1 977 3865
64 389351 m1 147180 0 0.5 p1 1942 3865
65 420459 m1 150908 0 0.5 p1 2098 3865
66 450085 m1 152433 0 0.5 p1 2245 3865
67 242707 m1 262634 0 0.5 p1 1208 4021
68 360077 m1 267814 0 0.5 p1 1796 4021
69 406352 m1 271746 0 0.5 p1 2027 4021
70 394325 m1 74444 0 0.5 p1 1967 4055
71 187614 m1 74832 0 0.5 p1 933 4055
72 324468 m1 83767 0 0.5 p1 1617 4055
73 121658 m1 89939 0 0.5 p1 605 4055
74 282073 m1 90299 0 0.5 p1 1405 4055
75 277373 m1 101315 0 0.5 p1 1381 4055
76 367892 m1 102781 0 0.5 p1 1835 4055
77 206741 m1 107012 0 0.5 p1 1027 4055
78 296756 m1 123075 0 0.5 p1 1478 4055
79 245923 m1 133922 0 0.5 p1 1224 4055
80 161210 m1 235216 0 0.5 p1 801 4057
81 325609 m1 237285 0 0.5 p1 1623 4057
82 167205 m1 245558 0 0.5 p1 831 4057
83 399602 m1 255007 0 0.5 p1 1994 4057
84 329370 m1 225116 0 0.5 p1 1641 4321
85 410624 m1 263798 0 0.5 p1 2049 4321
86 576697 m1 266156 0 0.5 p1 2876 4321
87 410877 m1 267046 0 0.5 p1 2050 4321
88 437849 m1 275179 0 0.5 p1 2184 4321
89 514212 m1 279181 0 0.5 p1 2564 4321
90 96909 m1 281309 0 0.5 p1 483 4321
91 359919 m1 284565 0 0.5 p1 1795 4321
92 483593 m1 287459 0 0.5 p1 2413 4321
93 261377 m1 290048 0 0.5 p1 1301 4321
94 514648 m1 292818 0 0.5 p1 2566 4321
95 478746 m1 121665 0 0.5 p1 2389 4328
96 482259 m1 133987 0 0.5 p1 2407 4328
97 569155 m1 307182 0 0.5 p1 2838 4532
98 206706 m1 307442 0 0.5 p1 1027 4532
99 531494 m1 307770 0 0.5 p1 2650 4532
100 517775 m1 308488 0 0.5 p1 2582 4532
101 250071 m1 309885 0 0.5 p1 1245 4532
102 560765 m1 310094 0 0.5 p1 2796 4532
103 363363 m1 312631 0 0.5 p1 1812 4532
104 471273 m1 320197 0 0.5 p1 2351 4532
105 205092 m1 323875 0 0.5 p1 1019 4532
106 552813 m1 848247 0 0.5 p1 2757 4532
107 219862 m1 609556 0 0.5 p1 1094 4603
108 147780 m1 618767 0 0.5 p1 734 4603
109 501030 m1 625726 0 0.5 p1 2498 4603
110 565613 m1 626817 0 0.5 p1 2820 4603
111 448512 m1 628256 0 0.5 p1 2237 4603
112 580761 m1 13837 0 0.5 p1 2897 5030
113 145040 m1 734355 0 0.5 p1 720 5102
114 293035 m1 768734 0 0.5 p1 1459 5102
115 717852 m1 821961 0 0.5 p1 3584 5116
116 588151 m1 823899 0 0.5 p1 2934 5116
117 604662 m1 827976 0 0.5 p1 3017 5116
118 533545 m1 829819 0 0.5 p1 2661 5116
119 501843 m1 830044 0 0.5 p1 2502 5116
120 723394 m1 830890 0 0.5 p1 3611 5116
121 664250 m1 845696 0 0.5 p1 3314 5116
122 308757 m1 861653 0 0.5 p1 1538 5116
123 392280 m1 862523 0 0.5 p1 1957 5116
124 130763 m1 869176 0 0.5 p1 650 5116
125 51827 m1 871474 0 0.5 p1 258 5116
126 110730 m1 887686 0 0.5 p1 552 5161
127 331503 m1 888770 0 0.5 p1 1652 5161
128 347901 m1 894648 0 0.5 p1 1735 5161
129 8242 m1 899533 0 0.5 p1 41 5161
130 393884 m1 901635 0 0.5 p1 1965 5161
131 234931 m1 902890 0 0.5 p1 1169 5161
132 152239 m1 907831 0 0.5 p1 756 5174
133 395223 m1 917439 0 0.5 p1 1972 5174
134 348505 m1 922825 0 0.5 p1 1738 5174
135 270571 m1 924807 0 0.5 p1 1348 5174
136 739972 m1 13577 0 0.5 p1 3695 5240
137 511107 m1 51357 0 0.5 p1 2548 5240
138 605215 m1 53905 0 0.5 p1 3020 5240
139 646879 m1 4373 0 0.5 p1 3228 5331
140 684225 m1 5480 0 0.5 p1 3415 5331
141 629329 m1 124213 0 0.5 p1 3140 5549
142 313418 m1 325779 0 0.5 p1 1562 5606
143 159916 m1 326304 0 0.5 p1 795 5606
144 477228 m1 337441 0 0.5 p1 2381 5606
145 173100 m1 346510 0 0.5 p1 860 5606
146 487245 m1 349559 0 0.5 p1 2431 5606
147 97525 m1 350797 0 0.5 p1 486 5606
148 195925 m1 350975 0 0.5 p1 974 5606
149 73714 m1 354088 0 0.5 p1 367 5606
150 445322 m1 360912 0 0.5 p1 2221 5606
151 129357 m1 364531 0 0.5 p1 643 5606
152 383939 m1 369460 0 0.5 p1 1915 5606
153 107212 m1 372084 0 0.5 p1 534 5606
154 366342 m1 373634 0 0.5 p1 1827 5606
155 262561 m1 374881 0 0.5 p1 1307 5606
156 233367 m1 376209 0 0.5 p1 1162 5606
157 402710 m1 377831 0 0.5 p1 2009 5606
158 31141 m1 377963 0 0.5 p1 155 5606
159 270984 m1 443037 0 0.5 p1 1350 5614
160 538401 m1 443336 0 0.5 p1 2685 5614
161 337280 m1 444639 0 0.5 p1 1681 5614
162 515311 m1 450260 0 0.5 p1 2570 5614
163 173917 m1 454224 0 0.5 p1 865 5614
164 273667 m1 455614 0 0.5 p1 1363 5614
165 444366 m1 663611 0 0.5 p1 2216 5751
166 271200 m1 664379 0 0.5 p1 1351 5751
167 464427 m1 665106 0 0.5 p1 2317 5751
168 324696 m1 665407 0 0.5 p1 1618 5751
169 648468 m1 667463 0 0.5 p1 3236 5751
170 167747 m1 667615 0 0.5 p1 834 5751
171 375533 m1 669797 0 0.5 p1 1873 5751
172 113473 m1 672088 0 0.5 p1 565 5751
173 619852 m1 672968 0 0.5 p1 3092 5751
174 421683 m1 675119 0 0.5 p1 2104 5751
175 546411 m1 679957 0 0.5 p1 2726 5751
176 472960 m1 685943 0 0.5 p1 2360 5751
177 458859 m1 686028 0 0.5 p1 2290 5751
178 63272 m1 688055 0 0.5 p1 314 5751
179 359317 m1 692206 0 0.5 p1 1792 5751
180 170046 m1 694293 0 0.5 p1 846 5751
181 68903 m1 697132 0 0.5 p1 342 5751
182 697704 m1 697698 0 0.5 p1 3483 5751
183 697113 m1 703185 0 0.5 p1 3480 5751
184 305002 m1 705255 0 0.5 p1 1520 5751
185 679287 m1 706910 0 0.5 p1 3390 5751
186 556719 m1 707622 0 0.5 p1 2777 5751
187 577465 m1 717683 0 0.5 p1 2880 5751
188 463783 m1 719429 0 0.5 p1 2314 5751
189 168021 m1 722727 0 0.5 p1 835 5751
190 455713 m1 722894 0 0.5 p1 2274 5751
191 493267 m1 191294 0 0.5 p1 2461 6214
192 717387 m1 193502 0 0.5 p1 3581 6214
193 647868 m1 195754 0 0.5 p1 3232 6214
194 507929 m1 198961 0 0.5 p1 2532 6214
195 784501 m1 211240 0 0.5 p1 3917 6214
196 628611 m1 212851 0 0.5 p1 3136 6214
197 688417 m1 217498 0 0.5 p1 3436 6214
198 520118 m1 950270 0 0.5 p1 2593 6247
199 484157 m1 950410 0 0.5 p1 2416 6247
200 371894 m1 950482 0 0.5 p1 1855 6247
201 947150 m1 953063 0 0.5 p1 4730 6247
202 769211 m1 961559 0 0.5 p1 3840 6247
203 904014 m1 965738 0 0.5 p1 4516 6247
204 95653 m1 967063 0 0.5 p1 477 6247
205 152214 m1 969679 0 0.5 p1 756 6247
206 926562 m1 112359 0 0.5 p1 4628 6317
207 628105 m1 234146 0 0.5 p1 3134 6363
208 790520 m1 236215 0 0.5 p1 3947 6363
209 760426 m1 247847 0 0.5 p1 3797 6363
210 874942 m1 251920 0 0.5 p1 4370 6363
211 884301 m1 255226 0 0.5 p1 4417 6363
212 200090 m1 639226 0 0.5 p1 994 6391
213 242907 m1 640182 0 0.5 p1 1209 6391
214 536553 m1 645644 0 0.5 p1 2676 6391
215 841925 m1 647189 0 0.5 p1 4205 6391
216 336001 m1 648924 0 0.5 p1 1675 6391
217 753259 m1 899129 0 0.5 p1 3761 6406
218 455972 m1 899791 0 0.5 p1 2275 6406
219 48737 m1 936399 0 0.5 p1 243 6552
220 717735 m1 939673 0 0.5 p1 3583 6552
221 269871 m1 941684 0 0.5 p1 1344 6552
222 143523 m1 942828 0 0.5 p1 713 6552
223 89803 m1 943064 0 0.5 p1 448 6552
224 736061 m1 967727 0 0.5 p1 3676 6552
225 636394 m1 970509 0 0.5 p1 3175 6552
226 945947 m1 975360 0 0.5 p1 4724 6552
227 62303 m1 975839 0 0.5 p1 309 6552
228 533624 m1 977563 0 0.5 p1 2661 6552
229 73606 m1 985435 0 0.5 p1 366 6552
230 886350 m1 988361 0 0.5 p1 4427 6552
231 896724 m1 988551 0 0.5 p1 4480 6552
232 734644 m1 993283 0 0.5 p1 3669 6552
233 819385 m1 999917 0 0.5 p1 4092 6552
234 962854 m1 987187 0 0.5 p1 4809 6806
235 1146200 m1 996943 0 0.5 p1 5724 6806
236 992519 m1 998289 0 0.5 p1 4958 6806
237 933377 m1 889869 0 0.5 p1 4662 6809
238 927738 m1 901224 0 0.5 p1 4634 6809
239 751160 m1 906168 0 0.5 p1 3750 6810
240 735870 m1 911061 0 0.5 p1 3675 6810
241 842279 m1 912291 0 0.5 p1 4206 6810
242 722989 m1 913450 0 0.5 p1 3609 6810
243 698220 m1 916718 0 0.5 p1 3485 6810
244 842564 m1 925643 0 0.5 p1 4207 6810
245 508151 m1 925831 0 0.5 p1 2533 6810
246 774200 m1 845143 0 0.5 p1 3865 6848
247 767944 m1 853815 0 0.5 p1 3834 6848
248 521685 m1 859210 0 0.5 p1 2602 6848
249 769938 m1 859669 0 0.5 p1 3844 6848
250 529678 m1 860344 0 0.5 p1 2641 6848
251 713336 m1 861305 0 0.5 p1 3561 6848
252 512231 m1 863297 0 0.5 p1 2554 6848
253 661871 m1 867669 0 0.5 p1 3303 6848
254 807426 m1 873498 0 0.5 p1 4032 6848
255 308333 m1 877686 0 0.5 p1 1536 6848
256 507383 m1 878597 0 0.5 p1 2530 6848
257 670145 m1 880226 0 0.5 p1 3344 6848
258 1040293 m1 881809 0 0.5 p1 5196 6848
259 212216 m1 530806 0 0.5 p1 1055 6901
260 802523 m1 535565 0 0.5 p1 4008 6901
261 109734 m1 539190 0 0.5 p1 547 6901
262 238177 m1 540840 0 0.5 p1 1185 6901
263 774469 m1 542669 0 0.5 p1 3867 6901
264 760102 m1 546547 0 0.5 p1 3795 6901
265 268043 m1 546755 0 0.5 p1 1335 6901
266 876954 m1 549574 0 0.5 p1 4380 6901
267 494792 m1 550262 0 0.5 p1 2468 6901
268 195330 m1 552553 0 0.5 p1 971 6901
269 745156 m1 552974 0 0.5 p1 3721 6901
270 672388 m1 557439 0 0.5 p1 3355 6901
271 215165 m1 559504 0 0.5 p1 1070 6901
272 541012 m1 566559 0 0.5 p1 2698 6901
273 853689 m1 574005 0 0.5 p1 4263 6901
274 187661 m1 574411 0 0.5 p1 933 6901
275 476498 m1 574638 0 0.5 p1 2377 6901
276 330811 m1 576257 0 0.5 p1 1649 6901
277 595939 m1 576859 0 0.5 p1 2973 6901
278 357275 m1 578500 0 0.5 p1 1781 6901
279 192821 m1 580879 0 0.5 p1 959 6901
280 382088 m1 581027 0 0.5 p1 1906 6901
281 414860 m1 581449 0 0.5 p1 2070 6901
282 818276 m1 122626 0 0.5 p1 4087 7013
283 989298 m1 123392 0 0.5 p1 4942 7013
284 610827 m1 136515 0 0.5 p1 3047 7013
285 688020 m1 143013 0 0.5 p1 3434 7013
286 829768 m1 149556 0 0.5 p1 4144 7013
287 822100 m1 156806 0 0.5 p1 4106 7013
288 245754 m1 157409 0 0.5 p1 1223 7013
289 573749 m1 157851 0 0.5 p1 2861 7013
290 247563 m1 158159 0 0.5 p1 1232 7013
291 368135 m1 160336 0 0.5 p1 1836 7013
292 382614 m1 160936 0 0.5 p1 1908 7013
293 230721 m1 162595 0 0.5 p1 1149 7013
294 786716 m1 163188 0 0.5 p1 3928 7013
295 382810 m1 164600 0 0.5 p1 1909 7013
296 408999 m1 164946 0 0.5 p1 2041 7013
297 818439 m1 167134 0 0.5 p1 4087 7013
298 289341 m1 167347 0 0.5 p1 1441 7013
299 818086 m1 168726 0 0.5 p1 4086 7013
300 740275 m1 171460 0 0.5 p1 3697 7013
301 545529 m1 174414 0 0.5 p1 2721 7013
302 825297 m1 177354 0 0.5 p1 4121 7013
303 653125 m1 184387 0 0.5 p1 3259 7013
304 507167 m1 187976 0 0.5 p1 2528 7013
305 741966 m1 189093 0 0.5 p1 3705 7013
306 931289 m1 258372 0 0.5 p1 4652 7019
307 744331 m1 265155 0 0.5 p1 3717 7019
308 836194 m1 266967 0 0.5 p1 4175 7019
309 992822 m1 268346 0 0.5 p1 4959 7019
310 847608 m1 269619 0 0.5 p1 4232 7019
311 835953 m1 270646 0 0.5 p1 4174 7019
312 589432 m1 271643 0 0.5 p1 2940 7019
313 748388 m1 275060 0 0.5 p1 3737 7019
314 668828 m1 276839 0 0.5 p1 3338 7019
315 839217 m1 279324 0 0.5 p1 4191 7019
316 763841 m1 284183 0 0.5 p1 3814 7019
317 857741 m1 38758 0 0.5 p1 4283 7023
318 897588 m1 50198 0 0.5 p1 4484 7023
319 873137 m1 59980 0 0.5 p1 4361 7023
320 479307 m1 67229 0 0.5 p1 2392 7023
321 723609 m1 78021 0 0.5 p1 3612 7023
322 823000 m1 79608 0 0.5 p1 4110 7023
323 899131 m1 80662 0 0.5 p1 4492 7023
324 723385 m1 87853 0 0.5 p1 3611 7023
325 931743 m1 107512 0 0.5 p1 4654 7023
326 907428 m1 476681 0 0.5 p1 4533 7076
327 468747 m1 511475 0 0.5 p1 2339 7076
328 411489 m1 513940 0 0.5 p1 2053 7076
329 554627 m1 514282 0 0.5 p1 2766 7076
330 42215 m1 514508 0 0.5 p1 210 7076
331 231976 m1 653135 0 0.5 p1 1155 7076
332 41411 m1 655598 0 0.5 p1 206 7076
333 630182 m1 656519 0 0.5 p1 3144 7076
334 39444 m1 657187 0 0.5 p1 196 7076
335 891717 m1 706037 0 0.5 p1 4454 7081
336 915180 m1 708693 0 0.5 p1 4572 7081
337 730037 m1 709510 0 0.5 p1 3645 7081
338 798556 m1 722284 0 0.5 p1 3988 7081
339 718332 m1 726066 0 0.5 p1 3586 7081
340 897237 m1 732178 0 0.5 p1 4482 7081
341 826750 m1 738783 0 0.5 p1 4129 7081
342 400305 m1 743267 0 0.5 p1 1997 7081
343 300238 m1 743930 0 0.5 p1 1496 7081
344 305684 m1 747901 0 0.5 p1 1523 7081
345 109584 m1 752155 0 0.5 p1 546 7081
346 742645 m1 753330 0 0.5 p1 3708 7081
347 297928 m1 753536 0 0.5 p1 1484 7081
348 208724 m1 753781 0 0.5 p1 1037 7081
349 205175 m1 754812 0 0.5 p1 1020 7081
350 19734 m1 756182 0 0.5 p1 98 7081
351 907054 m1 756807 0 0.5 p1 4531 7081
352 963679 m1 757561 0 0.5 p1 4813 7081
353 542525 m1 758418 0 0.5 p1 2706 7081
354 541017 m1 762777 0 0.5 p1 2698 7081
355 115413 m1 763175 0 0.5 p1 575 7081
356 420992 m1 764810 0 0.5 p1 2100 7081
357 460423 m1 765947 0 0.5 p1 2298 7081
358 749517 m1 769194 0 0.5 p1 3742 7081
359 958686 m1 774672 0 0.5 p1 4788 7081
360 941070 m1 775675 0 0.5 p1 4700 7081
361 438897 m1 775730 0 0.5 p1 2189 7081
362 356079 m1 776363 0 0.5 p1 1776 7081
363 548453 m1 778080 0 0.5 p1 2736 7081
364 119492 m1 779374 0 0.5 p1 595 7081
365 286835 m1 780817 0 0.5 p1 1429 7081
366 633838 m1 781697 0 0.5 p1 3162 7081
367 90928 m1 787827 0 0.5 p1 453 7081
368 101425 m1 788568 0 0.5 p1 506 7081
369 331532 m1 794635 0 0.5 p1 1652 7081
370 982362 m1 795537 0 0.5 p1 4907 7081
371 332048 m1 798688 0 0.5 p1 1655 7081
372 857986 m1 801575 0 0.5 p1 4285 7081
373 870331 m1 802206 0 0.5 p1 4347 7081
374 468558 m1 803698 0 0.5 p1 2338 7081
375 528881 m1 807092 0 0.5 p1 2637 7081
376 328055 m1 807594 0 0.5 p1 1635 7081
377 383726 m1 813464 0 0.5 p1 1914 7081
378 801935 m1 814465 0 0.5 p1 4005 7081
379 425285 m1 814864 0 0.5 p1 2121 7081
380 287474 m1 814965 0 0.5 p1 1432 7081
381 15158 m1 815879 0 0.5 p1 76 7081
382 407878 m1 819370 0 0.5 p1 2035 7081
383 948430 m1 834567 0 0.5 p1 4736 7081
384 758714 m1 837027 0 0.5 p1 3788 7081
385 508122 m1 482370 0 0.5 p1 2533 7177
386 632158 m1 484294 0 0.5 p1 3154 7177
387 557530 m1 487519 0 0.5 p1 2781 7177
388 966972 m1 488214 0 0.5 p1 4830 7177
389 990175 m1 488889 0 0.5 p1 4946 7177
390 824325 m1 489125 0 0.5 p1 4117 7177
391 687047 m1 489891 0 0.5 p1 3429 7177
392 967373 m1 490673 0 0.5 p1 4832 7177
393 548208 m1 491678 0 0.5 p1 2735 7177
394 715849 m1 492041 0 0.5 p1 3574 7177
395 436745 m1 492652 0 0.5 p1 2178 7177
396 347980 m1 493316 0 0.5 p1 1735 7177
397 851428 m1 494008 0 0.5 p1 4252 7177
398 1085606 m1 494716 0 0.5 p1 5423 7177
399 1004703 m1 495302 0 0.5 p1 5019 7177
400 209718 m1 495926 0 0.5 p1 1042 7177
401 120459 m1 498958 0 0.5 p1 599 7177
402 811897 m1 517638 0 0.5 p1 4055 7177
403 545449 m1 517805 0 0.5 p1 2721 7177
404 429812 m1 518974 0 0.5 p1 2144 7177
405 381982 m1 520979 0 0.5 p1 1905 7177
406 830772 m1 522589 0 0.5 p1 4148 7177
407 351243 m1 596736 0 0.5 p1 1751 7177
408 505744 m1 419909 0 0.5 p1 2522 7185
409 1089136 m1 98683 0 0.5 p1 5440 7198
410 1127869 m1 116080 0 0.5 p1 5632 7198
411 1074896 m1 117355 0 0.5 p1 5369 7198
412 771698 m1 128876 0 0.5 p1 3852 7198
413 1085079 m1 130905 0 0.5 p1 5420 7198
414 1026688 m1 134119 0 0.5 p1 5128 7198
415 708491 m1 134150 0 0.5 p1 3537 7198
416 1077173 m1 141068 0 0.5 p1 5381 7198
417 938109 m1 144436 0 0.5 p1 4686 7198
418 1078359 m1 148870 0 0.5 p1 5387 7198
419 1044968 m1 151654 0 0.5 p1 5219 7198
420 1080837 m1 167276 0 0.5 p1 5399 7198
421 940914 m1 187547 0 0.5 p1 4699 7198
422 952720 m1 201461 0 0.5 p1 4758 7198
423 1063458 m1 182604 0 0.5 p1 5312 7709
424 1119218 m1 44403 0 0.5 p1 5589 7715
425 1092512 m1 72507 0 0.5 p1 5456 7715
426 1016000 m1 73678 0 0.5 p1 5074 7715
427 1111569 m1 75485 0 0.5 p1 5551 7715
428 1134378 m1 85541 0 0.5 p1 5664 7715
429 364590 m1 601799 0 0.5 p1 1818 7772
430 201801 m1 602700 0 0.5 p1 1003 7772
431 717334 m1 615118 0 0.5 p1 3581 7772
432 607243 m1 620550 0 0.5 p1 3029 7772
433 1004702 m1 624051 0 0.5 p1 5019 7772
434 672941 m1 627307 0 0.5 p1 3358 7772
435 1072071 m1 628131 0 0.5 p1 5355 7772
436 660309 m1 630143 0 0.5 p1 3295 7772
437 1092165 m1 646109 0 0.5 p1 5455 7786
438 1005825 m1 846278 0 0.5 p1 5024 7859
439 1137796 m1 855129 0 0.5 p1 5681 7859
440 1180249 m1 861886 0 0.5 p1 5894 7859
441 1133517 m1 898218 0 0.5 p1 5660 7859
442 1155494 m1 833657 0 0.5 p1 5770 7930
443 1111755 m1 834756 0 0.5 p1 5552 7930
444 1063212 m1 641391 0 0.5 p1 5310 7958
445 967337 m1 643002 0 0.5 p1 4831 7958
446 1131498 m1 651176 0 0.5 p1 5650 8043
447 1137467 m1 659146 0 0.5 p1 5680 8043
448 640247 m1 659484 0 0.5 p1 3194 8043
449 452529 m1 659629 0 0.5 p1 2257 8043
450 773512 m1 668918 0 0.5 p1 3862 8043
451 1114051 m1 670326 0 0.5 p1 5564 8043
452 955845 m1 929961 0 0.5 p1 4774 8183
453 1030993 m1 930427 0 0.5 p1 5149 8183
454 1075127 m1 930492 0 0.5 p1 5370 8183
455 1060303 m1 947847 0 0.5 p1 5295 8183
456 1003490 m1 953709 0 0.5 p1 5012 8183
457 979019 m1 957806 0 0.5 p1 4890 8183
458 1180969 m1 966297 0 0.5 p1 5897 8183
459 1027135 m1 970085 0 0.5 p1 5130 8183
460 1170817 m1 980567 0 0.5 p1 5847 8183
461 1025504 m1 688279 0 0.5 p1 5122 8305
462 952719 m1 694491 0 0.5 p1 4758 8305
463 966599 m1 694806 0 0.5 p1 4828 8305
464 1119956 m1 704242 0 0.5 p1 5593 8305
465 1182387 m1 707129 0 0.5 p1 5905 8305
466 1110847 m1 730313 0 0.5 p1 5547 8305
467 1102043 m1 740064 0 0.5 p1 5503 8305
468 1020094 m1 755855 0 0.5 p1 5094 8305
469 1163653 m1 757507 0 0.5 p1 5811 8305
470 1064542 m1 776076 0 0.5 p1 5317 8305
471 1036302 m1 776771 0 0.5 p1 5176 8305
472 1103802 m1 784680 0 0.5 p1 5512 8305
473 1112723 m1 792143 0 0.5 p1 5557 8305
474 1129342 m1 794513 0 0.5 p1 5639 8305
475 1046193 m1 795352 0 0.5 p1 5225 8305
476 1029191 m1 807848 0 0.5 p1 5141 8305
477 1184911 m1 809452 0 0.5 p1 5918 8305
478 1111756 m1 821566 0 0.5 p1 5552 8397
479 1115689 m1 828746 0 0.5 p1 5572 8397
480 1170340 m1 210734 0 0.5 p1 5845 8436
481 1134687 m1 214482 0 0.5 p1 5666 8436
482 1128646 m1 215411 0 0.5 p1 5636 8436
483 1103652 m1 233979 0 0.5 p1 5511 8436
484 1147989 m1 587565 0 0.5 p1 5733 8522
485 1024146 m1 588841 0 0.5 p1 5115 8522
486 947149 m1 588873 0 0.5 p1 4730 8522
487 1061116 m1 592323 0 0.5 p1 5299 8522
488 1119639 m1 597662 0 0.5 p1 5591 8522
489 1183040 m1 599566 0 0.5 p1 5908 8522
490 1270592 m1 600489 0 0.5 p1 6349 8522
491 905457 m1 605304 0 0.5 p1 4523 8522
492 985827 m1 607260 0 0.5 p1 4925 8522
493 1143005 m1 613846 0 0.5 p1 5708 8522
494 1138974 m1 622514 0 0.5 p1 5687 8522
495 1226188 m1 623630 0 0.5 p1 6126 8522
496 1149432 m1 631362 0 0.5 p1 5740 8522
497 1186778 m1 638088 0 0.5 p1 5927 8522
498 816289 m1 677734 0 0.5 p1 4077 8522
499 952733 m1 678627 0 0.5 p1 4758 8522
500 863423 m1 681350 0 0.5 p1 4312 8522
501 981863 m1 682142 0 0.5 p1 4904 8522
502 1054301 m1 262947 0 0.5 p1 5265 8635
503 1011782 m1 268330 0 0.5 p1 5053 8635
504 1006620 m1 278325 0 0.5 p1 5028 8635
505 1250748 m1 924497 0 0.5 p1 6249 8950
506 1299526 m1 948404 0 0.5 p1 6494 8950
507 1234698 m1 967999 0 0.5 p1 6170 8950
508 1215523 m1 975909 0 0.5 p1 6073 8950
509 753495 m1 325891 0 0.5 p1 3762 8970
510 642034 m1 326944 0 0.5 p1 3203 8970
511 1179899 m1 254469 0 0.5 p1 5892 9452
512 1194335 m1 496509 0 0.5 p1 5965 9452
513 1287162 m1 498508 0 0.5 p1 6432 9452
514 1333796 m1 499439 0 0.5 p1 6665 9452
515 1432811 m1 502532 0 0.5 p1 7162 9452
516 1458317 m1 680825 0 0.5 p1 7289 9452
517 1484998 m1 688441 0 0.5 p1 7423 9452
518 1464185 m1 689553 0 0.5 p1 7319 9452
519 1456293 m1 690728 0 0.5 p1 7279 9452
520 1381896 m1 695730 0 0.5 p1 6907 9452
521 1595955 m1 698581 0 0.5 p1 7976 9452
522 1392669 m1 706655 0 0.5 p1 6960 9452
523 1429462 m1 707303 0 0.5 p1 7146 9452
524 1553592 m1 708850 0 0.5 p1 7764 9452
525 1591081 m1 796440 0 0.5 p1 7953 9452
526 1317099 m1 797095 0 0.5 p1 6582 9452
527 1310534 m1 799365 0 0.5 p1 6549 9452
528 1573193 m1 808177 0 0.5 p1 7863 9452
529 1228690 m1 813782 0 0.5 p1 6139 9452
530 1572701 m1 926654 0 0.5 p1 7860 9452
531 1474325 m1 927417 0 0.5 p1 7369 9452
532 1563010 m1 610902 0 0.5 p1 7812 9498
533 1448717 m1 615503 0 0.5 p1 7241 9498
534 1339166 m1 627913 0 0.5 p1 6692 9498
535 1508241 m1 630454 0 0.5 p1 7538 9498
536 1550935 m1 634102 0 0.5 p1 7751 9498
537 1577598 m1 646333 0 0.5 p1 7884 9498
538 1582787 m1 662155 0 0.5 p1 7910 9498
539 1609320 m1 663890 0 0.5 p1 8043 9498
540 1321018 m1 664235 0 0.5 p1 6601 9498
541 1573302 m1 667632 0 0.5 p1 7864 9498
542 1480820 m1 668638 0 0.5 p1 7402 9498
543 1411298 m1 673559 0 0.5 p1 7054 9498
544 1436885 m1 674422 0 0.5 p1 7183 9498
545 1473604 m1 674561 0 0.5 p1 7366 9498
546 1439397 m1 725322 0 0.5 p1 7194 9498
547 1495540 m1 736962 0 0.5 p1 7475 9498
548 1332722 m1 747461 0 0.5 p1 6660 9498
549 1487503 m1 748642 0 0.5 p1 7435 9498
550 1503564 m1 749951 0 0.5 p1 7515 9498
551 1369675 m1 749957 0 0.5 p1 6845 9498
552 1232028 m1 754492 0 0.5 p1 6156 9498
553 1346574 m1 755782 0 0.5 p1 6730 9498
554 1314919 m1 756072 0 0.5 p1 6571 9498
555 1247726 m1 760366 0 0.5 p1 6234 9498
556 1456448 m1 761207 0 0.5 p1 7280 9498
557 1272189 m1 764425 0 0.5 p1 6358 9498
558 1486922 m1 767091 0 0.5 p1 7432 9498
559 1406755 m1 773350 0 0.5 p1 7031 9498
560 1241783 m1 777398 0 0.5 p1 6204 9498
561 1373627 m1 785057 0 0.5 p1 6865 9498
562 1377661 m1 276393 0 0.5 p1 6885 9814
563 1363936 m1 256831 0 0.5 p1 6816 9843
564 967229 m1 414114 0 0.5 p1 4831 9846
565 880597 m1 414294 0 0.5 p1 4399 9846
566 534852 m1 414416 0 0.5 p1 2667 9846
567 1288870 m1 427745 0 0.5 p1 6440 9846
568 839439 m1 428717 0 0.5 p1 4192 9846
569 659496 m1 428825 0 0.5 p1 3291 9846
570 317360 m1 432518 0 0.5 p1 1581 9846
571 913106 m1 433362 0 0.5 p1 4562 9846
572 745168 m1 434655 0 0.5 p1 3721 9846
