// Initial random seed:
1732082830176

// RunInitializeCallbacks():
initializeMutationRate(1e-07);
initializeMutationType(1, 0.5, "f", 0);
initializeMutationType(2, 0.5, "g", -0.01, 0.1);
initializeMutationType(3, 0.5, "e", 0.02);
initializeGenomicElementType(1, c(m1, m2, m3), c(1, 0.1, 0.01));
initializeGenomicElement(g1, 0, 999999);
initializeRecombinationRate(1e-08);

// Starting run at generation <start>:
1 

Fixed: 0 -2.79462e-13 0 0 -3.53391e-08 0 0 0 0 0 0 0 0.0225945 0 0 0 -3.9289e-16 0 0 0 0 0 0 0 0 0 0 0 0 0 0 0 0 0 0 0 0 0 0 0 0 0 0 0 0 0.0652132 0 0 0 0 0 0 0 0 0 0 0 0 0 0 -1.61031e-06 0 0 0 0 0 0 0 0 0 0 0 0 0 0 0 0 0 0 0 0 0 0 0 0 0 0 0 0 0 0 -9.3648e-08 0 0 0 0 0 0 0 0 0 0 0 0 0 0 0 0 0 0 0 0 0 0 0 0 0 0 0 -4.89813e-05 0 0.0179261 0 0 0 0 0 0 0 -1.76439e-05 0 0 0 0 0 0 -7.94462e-05 0 0 0 0 0 0 0 0 0 0 0 0 0 0 0 0 0 0 0 0 0 0 0 0 0 0 0 0 0 0 0 0.0231515 0 0 0 0 0.0653201 0 0 0 0 0 0 0 0.0504451 0 0 0 0 0 0 0 0.0211538 0 0 0 0 0 0 -1.08561e-05 0 0 0 0 0 0 0 0 0 0 0 0 0 0 -0.00251061 0 0 0 0 0 0 0 -3.88883e-07 0 0 0 0 0 -1.047e-06 0 0 0 0 0 0 0 -0.0112954 0 0 0 0 0 0 0 0 0 0 0 0 0 0 0 0 0 0 0 0 0 0 0 0 0 0 0 -0.000701732 0 0 0 0 0 0 0 0 0 0 0 0 0 0 0 0 0 0 0 0 0 0 0 0 0 0 0 0 0 0 0 0 0 -1.7396e-05 0 0 0 0 0 0 0 0.016498 0 0 0.0122682 0 0 0 0 0 0 0 0 0 0 0 0 0 0 0 0 0.0179816 0 0 0 0 0 -6.40306e-05 0 0 0 0 0 0 0 0 0 0 0 0 0 0 0 0 0 0 0 0 0 0 0 0 0 0 0 0 0 0 0 -3.81968e-07 0 0 0 0 0 0.0232887 0 0 0 0 0 0 0 0 0.064764 0 0 0 0 0 0.0990346 0 0 0 0 0 0 0 0 0 0 0 0 0 0 0 0 0 -5.97104e-12 0 0 0 0 0 0 0 0 0 0 0 0 0 0 0 0 0 0 0 0 0 0 0 0 0 0.0290293 0 0 0 0 0 0 0 0 -1.92839e-09 0 0 0 0 0 0 0 -5.77446e-10 0 -2.52244e-09 0 0 0 0.0280812 0 0 0 0 0 -0.00143166 0 0 0 0.0367903 0 0 0 0 0 0 0 0 0 0 -0.00317163 0 0 0 0 0 0 0 0 0 0 0 0 0 0 0 0 0 0 0 0 -5.10585e-11 0 0 0 0 0 0 0 0 0 0 0 0 -1.83981e-06 0.0129372 0 0 0 0 0 0 0 0.0516854 0 0 0 0 0 0 0 0 0 0 0 0.0335524 0 0 0 0 0 0 0 0 0 0 0 0 0.0169424 0 0 0 0 0 0 0 0 0 0 0 0 0 0 0 0 0 -5.58899e-06 0 0 0 0 0 0 0 0 0 0 0.0700183 0.0134096 0 0 0 0 0 0 0 0 0 0 0 0 0 0 0 0 0 0.0239563 0 0 0 -4.34566e-06 0 0 0 0 0 0 0 0 -1.12116e-11 0 0 0 0 0 0 0 0 0 0 0 0 -9.78292e-05 0 0.0451014 0 0 0 0 0 0 0 0 0 0 0 0 0 0 0 -0.00125327 0 0 0 0 0 0 0 0.0465463 0 0 0 0 0 0 0 0 0 0.0831099 0 0 0 0 0 -1.77496e-09 0 0 0 0 0 0 0 0 0 0 0 0 0 0 0 0 0 0 0.046935 0 0 0 0 0 0 0 0 0 0 0 0 0 0 0 0 0 0 -3.15302e-07 0 0 -2.61913e-05 -0.000459274 0 0 0 0 0 -5.1054e-08 0 0 0 0 0 0 0 0 0 0 0 0 0 0 0.038042 0 0 -0.000664042 0 0 0 0 0 0 0 0 0 0 0 0 0 0 0.0398284 0 0 0 0 0 0 0 0 0 -0.000268623 0 0 0 0 -2.33082e-11 0 0 0 0 0 0 0 0 0 0 0.0795625 0 0 0 0 0.031278 0 0 0 0 0 0 0 0 0 0 0 -2.48899e-06 0 -4.15072e-11 0 0 0 0 0 0.025307 0 -3.44144e-13 0 0 0 0 0 0 0 0 0 0 -1.1641e-05 0 0 0 0 0 0 0 0 0 0.105797 0.0369095 -0.00504225 0 0 0 0 0 0 0 0 0 0 0 0 0 0 0 0 -0.000185806 0 0 0 0 0.0311298 0 0 0 0 0 0 0 0 0 0 0 0 0 0 0 0 -1.87995e-14 0 0 0 0 0 0 0 0 0 0 0 0 0 0.00289802 0 -1.69343e-05 0 0 0 0 0 0 0.0136352 0 0 0 0 0 0 0 0 0 0 0 0 0 0 0 0 0 0 0 0 0 0 0 0 0 0 0 0 0 0 0 0 0 0 -6.17417e-05 0 0 0 0 0 0.0653372 0 0 0 0 0 -5.0673e-06 0 -9.18791e-06 0 0 0 0 0 0 0 -0.0135751 -5.18938e-07 0 0 -0.000656524 0 0 0 0 0 0 0 0 0 0 0 0 0 0 0 0 0 0 0 -7.73829e-10 0 0 0 0 0 0 0 -3.61309e-12 0 0 0 0 0.0452976 0.0134608 0 0 0 0 0 0 0 0 0 0 0 0 0 0 0 0 0 0 0 0 0 0 0 0 0 0 0 0 0.00454403 0 0 0 0 0 0 0 0 0 0.0105893 0 0 0 0 0 0 0 0 0 0 0 0 0 0 0 0 0 0 0.0885264 0 0 0 0 0 0 0 0 0 0 0 0 0 0 0.0171984 0 0 0 0.0266377 0 0 0 0 0 0 0 0 0 0 0 0 0 0 0 0 0 0 0 0 0 0 0 0 0 0 0 0 0 0 0 0 0 0 0 0.0357643 0 0 0 0 0 0 0 0 0 0 0 0 0 0 0 0 0 0 0 0 0 -7.31483e-06 0 0 0 0 0 0 0 0 -5.72339e-05 0 0 0 0 0 0 0 0 0 0 0 0 0 0 0 0 0 0 0 0 0 0.0971012 0 0 0 0 0 0 0 0 0 0 0 0 0 0 0 0 0 0 0 0 0 0 0 0 0 -0.00252281 0 0 0 0 -0.000718102 0 0 0 0 0 0 0 0 0 0 0 0 0 0 0 0 0 0 0 0 0.0122258 0 0 0 0 0 0 -6.0764e-05 0 0 0 0 0 0 0.0497446 0 0 0.050241 0 0 0 0 0.0439267 0 0 0 0 0 0 0 0 0 0 0 0 -5.12763e-06 0 0 0 0 0 0 0 0 -7.43652e-06 0 0 0 0 0 0 0 0 0 0 0 0 0 0 0 0 0 0 0 0 0 0 0 0 0 0 0 0 0 0 0 0 0 -1.37446e-13 0 0 0 0 0 0 0 0 0 0 0 0 0 0 0 0 0 0 0 0 0.0621231 0 0.0144356 0 0 0 0 0 0 0 0 0 0 0 0 -0.000636684 0 0 0 0 0 0 -8.66373e-07 0 0 0 0 0 0 0 0 0 0 0 0 0 0 -0.00510712 -6.10558e-08 0 0 0 0 0 0 0 0 0 -0.00105409 0 0 0 0 0.0263869 0 -0.00609976 0 0 0 0 0 0 0 0 0 0 0 0 0 0 0 0 0 0 0 0 0 0 0 0 0 0 0 0 0 0 0 0 0.00716487 0 0 0 0 0 -3.24571e-09 0 0 0 0 0 0 0 0 0 0 0.00611469 0 0 0 -0.000291586 0 -8.03515e-06 0 0 -1.38214e-14 0 0 0 0 0 0 -4.51657e-12 0 0 0 0 0 0 0 0 0 0 0 -3.04305e-15 0 0 0 0 0 -0.00315021 0 0 0 0 0 0 0 0 0 0.00579721 0 -1.30733e-06 0 0 0 -0.000340341 0 0 0 0 0 0 0 0 0 0 0 0.0342991 0 0 0 0 0 0 0 0 0 0 0 0 0 0 0 0 0 0 0 0 -3.56031e-17 0 0 0 0 0 0 0 0 0.025616 0 0.0209715 0 0 0 0.0144164 0 0 0 0 0.0013417 0 0 0 0 0 0 0 0 0 0 0 0 0 0 -0.00419083 0 0 0 0 0 0 0 0 0 0 0 0 0 0 0 0 -0.00170985 0 0 0 0 0 0 0 0 0 0 0 0 0 0 0 0 0 0 0 0 0 0 0 0 0 0 0 0 0 0 0 0 0 0 0 0 0 0 0 0 0 0 0 0 0 0 0 0 0 0 0 0 0 0 0 0 0 0 0 0 0 0 0 0 0 0 0 0.0312399 0 0 0 -2.2083e-14 0 0 0 -1.27934e-06 0 0.0498843 0 0 0 0 0 0 0 0 0 0 0 0 0.0532896 0 0 0 0 0 0 0.0165476 0 0 0 0 0 0 0 0 0 0 0 0 -0.000103913 0.0197246 0 0 0 0 0 0 -2.71817e-05 0 0 0 0 0 0 0 0 0 0 0 0 0 0 0 0 0 0 0 0 0 0 0 0 -2.9393e-12 0 0.0155626 0 0 0 0 0 -4.83272e-17 0 0 0 0 0 0 0 0 0 0 0 0 0 0 0 0 0 0 0 0 0 0 0 0 0 -4.8306e-07 0 0 0 0 0 0 0 0 0 0 0 0 0 0 0 0 0 0 0 0 0 0 0 0 0 0 0 0 0 0 0.0560365 0 0 0 0 0 0 0 0 0 0 0 0 0 0 -0.00285547 0 0 0 0 -7.6071e-06 0 0 0 0 0 0 0 0 0 0 0 0 0 0 0 0 0 0 0 0 0 0 0 0 0 0 0 0 0 0 0 0 0 0.0176748 0 0 0 0 0 0 0 0 0 0 0 0 0 0 0 0 0 0 -5.49628e-06 0 0 0 0 0 0 0 0 0 0 0 0 0 0 0 0 0 0 0 0 0 0 0 0 0 0 0 0 0 0 0 0 0 0 0 0 0 0 0 0 0 0 0 0 0 0 0 0 0 0 0 0 0 0 0 0 0 -7.83217e-06 0 0 0 0 0 0 0 0 0 0 0 0 0 0.0214994 0 0 0 0 0 0 0 0 0 0 0 0 0 0 0 0 0 0 0 0 0 0 0 -0.0183153 0 0 0 0 -3.57658e-11 0 0 0 -5.95003e-05 0 0 0 0 0 0 0 0 0 0 0 0 0 0.0372454 0 0 0 0 0 0 0 0 0 0 0.127698 0 -0.0141306 0 0 0 0 0 0 0 -0.00347226 0.102268 0 0 0 0 0 0 0 0 0 0 0 0 0 0 0 -2.69718e-05 0 0 0 0 0 0 0 0 0 0 0 0 0 -3.66137e-06 0 -3.58221e-06 0 -4.8176e-08 0 0 0 0 0 -0.000213537 0.0410095 0 0 0 -0.00034367 0 0 0 0 0 0 0 0 0 0 0 0 0 0 0 0 0 0 0 0 0 0 0 0 0 0 0 0 0 -1.6852e-06 0 0 0 0 0 0 0 0 0 0 0 0 0 0 0 0 0 -5.5887e-05 0 0 0 0 0 0 0 0 -1.26323e-06 0 0 0 0 0 -0.000264709 0 0.0113766 0 0 0 0 0 0 0 0 0 0 -3.02244e-08 0 0 0 0 0 0 0 0 0 0 0 0 0 0 0 0 0 0 0 0 0 0 0 0 0 0 0.01869 0 0 0 0 0 0 -5.98547e-08 0.0152921 0 0 0 0 0 0 -3.26251e-05 0.0217057 0 0 0 0 0 0 0 0 0 0 0 0 0 0 0 0 0 0.0289106 0 0 0 0 0 0 0 0 0 0 0 0 0 0 0 0 0 0 0 0 0 -1.27402e-09 0 0 0 0 0.00724263 0 0 0 0 0 0 -0.00149979 -8.34558e-30 -0.000576357 0.0678915 0 0 0 0 0 0 0 0 0 0 0 0 0 0 0 -0.00246913 0 0 0 0 0 0 0 0 0 0 0 0 -0.00258446 0 0 0 -1.32901e-06 0 -0.00385794 0 0 0 0 0 0 0 0 0 0 0 0 0 0 0 0 0 0 0 0 0 0 0 0 0 0 0 0 -1.90814e-06 0 0 0 0 0 0 0 0 0.0623446 0 -4.69453e-11 0 0 0 0 0 0 0 0 0 0 0 0 0 0 0 0.041616 0 0 0 0 0 0 0 0 0 0 0 0 0 0.0156181 0 0 0 0 0 -0.0020473 -0.00512818 0 0 0 0 0 0 0 0 0 0 0 0 0 0 0 0 0 0 0 0 0 0 -1.31817e-12 0 0 0 0.0156897 0 0 0 -1.0372e-06 0 0 0 0 0 0 0 -2.77705e-09 0 0 0 0 0 -0.00124985 -3.2003e-07 0 0 -0.00170007 0 0.0335028 0 0 0 0 0 0 0 0 0 0 0 0 0 0 0 0 0 0 0 0 0 0 0 0 0 0 0 0 0 0 0.00550063 0 0 0 0 0 0 0 0 0 0 -4.96506e-08 0 0 0 0 0 0 0 0 0 0 0 0 0 0 0 0 0 0 0 0 0 0 0 0 -8.32072e-09 0 0 -1.78313e-05 0 0 0 0 0 0 0 0 0 0 0 0 0 0 0 0 0 0 0 0 0 0 0 0 0 0 0 0 -1.84872e-08 0 0 0 0 0.00898155 0 0 0 0 0.0383962 0 0 0 0 0 0 0 0.013849 0 0 0 0 0 -3.02868e-06 0 0 0 0 0 0 0 0 0 0 0 0 0 0 0 -1.28056e-06 0 0 0 0 0 0 0 0 0 0 0.110415 0 -6.77664e-07 -1.24944e-07 0 0 0 0 0 0 0 -2.04268e-15 0 0.0157355 0 0 0 0 0 0 0 0 -0.000302377 0 0 0 0 0 0 0 0 0 0 0 0 0 0 0 0 0 0 0 -0.001729 0 0 0 0 0 0 0 -7.74501e-05 0 0 0 0 0 0 0 0 0 0 0 0 0 0 0 0 0 0 0 0 0 0 0 0 0 0 0.126917 0 0 0 0 0 0 0 0 0 0 0 0 0 0 0 0 0 0 0 0 0 0 0 0 0 0 0 0 0 0 -2.67995e-16 0 -1.41674e-16 0 0 0 0 0 0 0 0 0 0 0 0 0 0 0 0 0 0 -7.07441e-06 0 0 0 0 0 0 0 0 0 0 0 0 0.0736739 0 0 0 0 0 0 0 -0.000159147 0 0 0 0 0 0 0 0 0 0 0 0 -9.45855e-08 0 0 0 0 0 0 0 0 0 0 0 -5.44927e-17 0 0 0 0 0 0 0 0.0177318 0 0.0312878 0 0 0 0 0 0 0 0 0 0 0 -3.73296e-09 0 0 0 0 0 0 0 0 0 0 0 0 0 0 0 0 0 0 0 0 0 0 0 0 0 0 0 0 0 0 0 0 0 0 0 0 0 0 0 0 0 0 0 0 0 0 0 0 0 0 0 0 0 0 0 0 0 0 0 0 0 0 0 0 0 0 0 0 0 0 0 0 0 -0.00019214 -0.00161158 -4.41303e-05 0 0 0 0 0 0 0 0.00869632 0 0 0 0 0 0 0 0 0 -1.84719e-08 0 0 0.0404215 -6.9809e-10 -1.7229e-07 0 0 0 0 0 0 0 0 0 0 0 0 0 0 0 0 0 0 0 0 0 0 0 0 0 0 0 0 0 0 0 0 0 0 0 -3.39315e-07 0 0 0 0 0 0 0 0 0 0 0 0 0 0 0 0 0 0 0 0 0 0 0 0 0 0 0 0 0 0 0 0 0 0 -1.77322e-08 0 0 0 0 0.0290127 0 0 0 0 0 0 0 0 0 -1.42667e-06 0 -5.7152e-13 0 0 0 0 0 0 0 0 0 0 0 -8.81634e-10 -9.80187e-06 0 0 -0.00186399 0 0 0 0 0 0.0150426 0 0 0 0 0 0 0 0 0 0 0 0 0 0 0 0 0 0 0 0 0 -0.00284601 0 0 0 0 0 -6.57898e-05 0 0 0 0 0 0 0 0 0 0 0 0 0 0 0 0 0 0 0.0186802 0 -0.0245876 0 0 0 0 0 0 0 0 0 0.0915589 0 0 0 0 0 0 0 0 0 0 0 0 0 0 0 0 0 0 0 0 0 0 0.0756592 0 0 0 0 0 0 0 0 0 0 0 0 0 0 0 0 0 0 0 0 0 0.0205749 0 0 0 0 0 0 0 0 0 0 0 0.0203317 0 0 0.0549531 0 0 0 0 -0.0234316 0 0 0 0 0 -7.48252e-09 0 0 0 0 0 0 0 0 0 0 0 0 0.0167202 0 -0.000326468 0 -0.00205494 0 0 0 0 0 -9.08685e-06 0 0 0 0 -1.33765e-06 0 0 0 0 0 0 0 0 0 0 0 0 0 0 0 0 0 0 0 0 0 0 0 0 0.0832327 0 0 0 0 0 0 0 0 -0.0005802 0 0 0 0 0 0 0 0 0 0 0 -0.00133296 -5.60818e-13 0 -1.09557e-05 0.0246223 0 0 0 0 0 0 0 0 0.00582573 0 0 0 0 0 0 0 0 0 -1.48981e-09 0 0 0 0 0 -0.000130849 0 0 0 0 0.0131625 0 -0.00101199 0 0 0 0 0 0 0 0 0 0 0 0 0 0 0 0 0 0 0 0 0 -3.02407e-05 0 0 0 0 0 0 0 0 0 0.0234019 0 0 0 0 0 0 0 0 0 0 0 0 0 0 0 0 0 0 0 0 0 0 0 0 0 0 0 -7.98215e-05 0 0 0 0 0 0 -0.00032958 0 -4.90567e-06 0 0 0 0 0 0 0 0 -1.89381e-06 0 0 0 0 0 -0.000212541 0 0 0 0 0 0 0 0 0 0 0 0 0 0.000136498 0 0 0 0 0 0.0284656 0 0 -1.09117e-07 0 0 0 0 0 0 0 0 0 0 0 0 0 0 0 0 0 0 0 0 0 0 0 0 0 0 0 0 0 0 0 0 -3.14879e-10 0 -9.47293e-05 0 0 0 0 0 0 0 0 0 0 0 0 0 0 0 0 0 0 0 -0.00118117 0 0 0 -0.000121497 0 0 0 0 0 0 0 0 0 0 0 0 0.0658975 0 0 0 0 0 0 0 0 0 0 0 0 0 0 0 0 0 0 0 0 0 0 0 0 0 0 0 0 0 0.00106859 0 0 0 0 0 0 0 0 0 0 0 0 0 0 0 0 0 0 0 0 0 0 0 0 0 0 0 0 0 0 0 0 0 0 0 0 0 0 0 0 0 0 0 0 0 0 0 0 0 0 0 0 0 0 -0.000281245 0 0 0 0 -2.5387e-06 -1.6201e-05 0 0 0 0 0 0 0.053423 0 0 0 0 0 -3.59292e-05 0 0 0 0 0 0 0 0 0.0523909 0 0 0 0 0 0 0 0 0 0 0 0 0 0.0745232 0 0 0 0 0 0 0 0 0 0 0 0 0 0 0 0 0 0 0 0 0 0.000640474 0 0 0 0 0 0 -3.3311e-06 0 -8.05781e-07 0 0 0 0 0 0 -0.000379805 0 0 0 0 0 0 0 0 0 0 0 0 0 0 0 0 0 0 0 0 0.0484113 -3.76864e-13 0 0 0 0 0 0 0 0 0 -6.11716e-15 0 -0.000501837 0 -1.13261e-08 0 0 0 0 -1.86315e-09 0 0 0 0 0 0 0 0 0 0 0 0 0 0 0.0172347 0 0 0.00841224 0 0 0 0 0 0 0 0 0 0 0 0 -3.79661e-23 0 0 0 0 -0.0075929 0 0 0 0 0 0 0 0 0 0 0 0 0 0 0 0 0 0 0 0 0 0 0 0 0 0 0 0 0 0 0 0 0 0 0 0 0 -0.000163786 0 0 0 0 0 0 0.0717498 -1.27101e-12 0 0 0 0 0 0 0 0 0 0 -0.000185905 0 0 0 0 -2.15587e-09 0 0 0.00265381 0 0 0 0 0 0 0 0 0 0 -2.47965e-08 0 0 0 0 0 0 0 0 0 -6.21352e-10 -0.000146867 0 0 0 0 0 0 0 0 0 0 -1.30669e-05 0 0 0 -0.0119667 0 0 0 0.0539929 0 0 0 0 0 0 0 0 0 0 0 0 0 0 -4.10161e-14 0 0 -0.000660138 -4.06682e-09 0 0 0 -1.27589e-17 -1.49727e-08 0 0.0133008 0 0 0 0 0 0 0 0 0 0 0 0 0 0 0 0 0 0 -0.000133567 0 -0.00519278 0 0 0.0148166 0.0642995 0 0 0 0 0 0 0 0 0 0 0 0 0 0 0 0 0 0 0 0 0 0 0 -2.07287e-07 0 0 0 0 0 0 0 0 0 -7.11753e-07 -1.56064e-08 0 0 0 0 0 0 0 0 0 0 0 0 0.00138614 0 -1.35059e-06 0 0 0 0 0 0 0 -1.34675e-06 0 0 0 0 0 -0.0124117 0 0 0 0 0 0 0 0 0 0 0 0 0 0.0117564 -8.49353e-05 -8.91667e-08 0 0 0 0 0 0 0 0 0 0 0 0 0 0 -3.95589e-14 0 0 0 0 0 0 0 0 0 0 0 0 0 -1.48779e-07 0 0 0 -2.28505e-05 0 0 0 0 0 0 0 0 0 0 0 0 0 0 0 0 0.0424598 0 0 0 0 0 0 0 -1.10877e-06 0 0 0 0 0 0 0 0 0 0 0 0 0 0 0 0 0.0357212 0 0 0 0 -2.86914e-10 0 0 0 0 0 0.00275379 0 0 0 0 0.0178095 0 0 0 0 0 0 -0.00726118 0 0 0 0 0 0 0 0 0 0 0 0 0 0 0 0 0 0 0 0 0 0 -0.000179381 0 0 -0.000104238 0 0 0 0 0 0 0 0 0 -0.00578135 0 0 0 0 0 0 0 0 0 0 0 0 0 0 0 0 0 0 0 0 0 0 0 0 0 0 0 0 0 0 0 -0.00284007 0 0 0 0 0 0 0 0 0 0 0 0 -4.92927e-06 0 0 0 0 0 0 0 0 0 0 -0.00089835 0 0 0 0 0 0 0 0 0 0 0 0 0 0 0 0 0 0 0 0 0 -0.000448468 0 0 0.0368925 0.0499684 0 0 0 0 0 0 0 0 0 0 0 0 0 0 0 0 0 0 0 0 0 0 0 0 0 0 0 0 0 0 0 0.0708754 -0.00953345 0 0 0 0 0 0 0 0 0 0 0 0 0 0 0 0 0 0 0 -0.000686121 0 0 0 0 0 0 0 0 0 0 -2.18962e-05 0 0 0 0 0 0 -2.65459e-06 0 0 0 0 0 0 0 0 0 0 0 0 0 0 0 0 0 0 0 0 0 0 0 0 0 0 0 0 0 -9.40516e-08 0 0 0 0 0 0 0 0 0 0 0 0 0 0.038088 0 0 0 0 0 0 -2.65539e-13 0 -9.9874e-10 0 0 0 0 0 0 0 0 0.0340487 0 0 0 0 -0.000798485 0 0 0 0 0 0 0.00685893 0 0 -2.02822e-09 0 0 0 0 0 0 0 0 0 0 0 0 0 0.0203186 0 0 0 0 0 0 0 0 0 0.092237 -0.016623 0 0 0 0 0 0 0 0 0 0 0 0 0.0133843 0 0 0 0 0 0 0 -0.00205207 0 0 0 -0.000390731 0 0 0 0 0 0 0 0.013122 0 0 0 0 0 0 0 0 0 0 0 0 0 0 0 0 -9.1568e-09 -1.30141e-17 0 0 0 0 0 0 0 0 -5.1492e-06 0 -4.46154e-06 0 0 0 0 0 0.0181879 0 0 0 0.0692743 0 0 0 0 0 0 0 0 0 0 0 0 0 0 0 0.048246 0 0 -8.32942e-19 -5.15665e-07 0 0 0 0 0 -1.04866e-19 0.00090494 0 -0.000395731 0 0 0 0 0 0 0 0 0 0 0 0 0 0 0 -1.85473e-06 0 0 0 0 0 0 0 0 0.00405784 0 0 0 0 0 0 0 0 0 0 0 0 0 0 0 0 0 0 0 0 0 0 0 -1.31711e-15 -2.794e-08 0 0 0 0 0 -2.64885e-12 0 0 0 0 0 0 0 0 0 0 -1.15718e-05 0 0 0 0 0 0 0 0.0191684 0 0 0 0 -6.70007e-09 0 0 0 0 -0.000461347 0 0.00759895 0 -0.000427044 0 0 0 0 0 0 0 0 0 0 0 0 0 0 0 0 0 0.087486 0 0 0 -0.00185607 0 0 0 -7.98067e-08 0 0 0 0 0 0 0 0 0 0 0 0 0 0.0489053 0 0 0 -1.30058e-05 0 0 0 0 0 0 0 0 -9.4508e-07 0 0 0 0 0 0 0 0 0 0 0 0.100356 0 0 0 0 0 -0.000400259 0 0 0 0 0 0 -1.71095e-09 0 0 0 0 0 0 0 0 0 0 0 0 0.0720555 0 0 0 -9.43061e-05 -0.000390232 0 0 0 0 0 0 0 0 0 0 -5.21203e-09 0 0 -0.000493083 0 0 0 0 -3.71746e-14 0 0 0 0 0 0 0.00905869 0 -3.31315e-06 0 0 0 0 0 0 0 0 -0.00060342 0 -5.6701e-06 0 0 0 0.0742454 0 -0.0119139 0 0.0355201 0 -0.00043979 0 0 -5.77541e-05 -3.65486e-11 0 0 0 0 0 0 0 0 0 0 0 0 0 0 0 0 0 0 0 -0.00339543 0 0 0 0 0 0 -0.00366913 0.0163947 0 0 0 0 0 0 0 0 0 0 0 0 0 0 0 0 0 0 -0.00175922 0 0 -8.17597e-05 0 0 -0.000507382 0 0 0 0.0204287 0 0 0 0 0.0405712 0 0 -0.000165814 0 0 0 0 0 0 0 0 0 -9.89428e-16 0 0 0 0 0 0 0 -4.49523e-06 0 0 0 0 0 0 -2.87997e-06 0 0 0 0 0 0 -0.000931778 0 0 0 0 0 0 0 0 -2.42676e-06 0 0 0 0 0.0675482 0 0 0 -0.00227439 0 0 0 0 0 0 0 0 0 0 0 0 0 0 -1.88926e-06 0 -0.000195844 0 0 0 0.0361172 0 0 0 0 -4.15634e-07 0 -2.89995e-09 0 0 0 0 0 0 0 0 -8.38551e-08 0 0 0 -2.94461e-06 0 0 0 -0.00863275 0 -4.90376e-09 0 0 0 0 0 0.0652613 0 0 0 0 0 0 0 0 0 -1.50688e-05 -0.00395412 0.0368607 0 0 0 0 0 0 0 0 0.0650647 0 0 0 -0.00609196 0 0 0 0 0 -1.14715e-06 0 0 0 0 0 0 0 0 0 0 0 0 0 0 -4.04292e-13 0 0 0 0 0 0 0 0 0 0 0 0 0 0 0 0 0 0 0 0 0 0 0 0 0 0 -4.23848e-05 0 0 0 0 9.94946e-05 0 0 0 0 0 0 0 0 0 0 0 0.0683278 0 0 0 0 0 0 0 -6.93758e-14 0 0 0 0 0 0 0 0 0 0 0 0 -0.000247968 0 0 0 -0.00323069 0 0 0 -0.000545127 0 0 0 0 0 0 0 0 0 0 0 0 0 0 0 0 0 0 0 0 0 0 0 0 0 0 0 0 0 0 0.0311182 0 0 0 0 0 0 0 0.00322426 -3.66391e-05 0 0 0 0 0 0 0 0 0 -0.00310672 0 0 0 0 0.0240832 0 0 0 0 0 0 0 0.0185341 0 0 0 0 0 0 0 0 0 0 -5.24446e-06 0 0 0 0 0 0 0 -0.00019792 0 0 0 0 0 0.0114378 0 0 0 0.0634624 0 0 0 -0.000100597 -7.55932e-13 -2.43434e-07 0 0 0 0 0 0 0 -0.00913842 0 0 0 0 0 0 -2.98509e-24 0 0 0 0 0 0 0 0 0 0 0 0 0 0 0 0 0 0 0 0 0 0 0 0 0 0 0 0 0 0.0216597 0 0 -5.38804e-08 0 0.0325429 0 0 0 0 0 0 0 -0.00436976 0 -2.84349e-06 0 0 0 0 0 0 0 0 0 0 0 0 0 -0.000535199 0 0 0 0 0 0 0.0534761 0 0 0 0 0 0 0 0 0 0 0 0 0 0 0 0 -4.7403e-07 0 0 0 0 0 0 0 0 0 0 0 0 0 0 0 0 0 0 0 -2.5398e-13 0 0 0 0.0154489 0 0 0 0 0 0 0 0 0 0 0 0 0.0120676 0 0 0 0 0 0 0 -0.00456374 0.0652502 0 0 0 0 0 0 0 0 0 0 0 0 0 0 0 0 0 0 0 0 0 0 0 0 0 0 0 0 -1.70867e-08 0 0 0 0 0 0 0 0 0 0 -3.50555e-09 0 0 0 0 0 -0.000731381 0 0 0 0 0 0 0 0 -1.90207e-06 0 -1.97801e-09 0 0 0.0838746 0 -0.000230424 0 -0.00627185 0 0 0 0 0 0 0 0 0 0 0 0 0.0176608 0 -8.00892e-20 0 0 0 0 0 0 0 0 0 0 0 0 -4.67902e-05 0 0 -3.41441e-06 0.0691949 0 0 0.0221058 0 0 0 -4.21267e-07 0 0.0337933 0 0 0 0 0 0 0 0 0 0 0 0 0 0 0 0 0 0 0 0 0 0 0 0 0 0 0 0 0 0 0.0314801 -0.000844469 0.0162089 0 0 -0.000749444 0 0 0 0 0 0 -0.000133418 0 0 0 0 0 0 0 -1.21858e-05 0 0 0 0 0 0 0 0 0 0 0 0 0.0126001 0 0 0 0 0 -2.28221e-06 0 0 0 0 0 0 0 0 0 0 0 0 0 0 -4.8964e-07 0 0 0 0 0 0 0 0 0.0350259 0 0 0 0 0 0 0 0 0 0 0 0 -1.11408e-05 0 0 0 0 0 0 0 0 0 0 0 0 0 0 0 0 0 0 0 0 -5.09566e-07 0 0 0 0 0 0 0 0 0 0 0 0 0 0 0 0 -5.13617e-13 0 0 0 -1.2119e-10 0 -1.84918e-08 0 0.00231222 0 0 0 0 0 0 -1.29038e-06 0 0 0 -6.93401e-05 0 0 0 0 0 0 0 0 0 0 0 0 0 0.00470821 0 0 -1.46176e-07 0 0 0 0 0 0 0 0 0 0 0 0 0 0 0 0 0 -0.000184942 0 0 0 0 0 0.00633705 0 0 0 0 0 0 0 0 0 -0.00122265 0 0 -9.33424e-05 0 -7.1398e-15 0 0 0 -2.77519e-10 0 0 0 0 0 0 0 -6.24214e-11 0 0 0 0 0 0 0 0 0 0 0 0.0284063 -0.0122037 0 0 0 -0.000584216 0 0 0 0 0 0 0 0 0 0 0 0 0 0 0 0 0 0.0101639 0 0 0 0 0 0 0 0 0 0 0 0 0 0 0 0 0 0 0 0 0 0 0 0 0 0 0 0 0 0 -0.00191939 0.0511896 0 0 0 0 0 0 0 0 0 0 0 0 0 0 0 0 0 -2.62474e-25 0 0 0 0 0 0 0 0 0 0 0 0 0 0 0 0 0 0 0 0 0 -0.00024627 0 0 -2.58899e-09 0.01327 0 -2.27176e-05 0 0 0 0 0 0.0444287 0 0 0 0.000739874 0 0 0.00762474 0 0 0 0 0 -2.13404e-06 0 0 0 0 0 0 0 0 0 0 0 0 -0.00141962 0 0 0 0 0 0 0 -6.97738e-10 0 0 0 0 0 0 0 0 0 0 0 0 0 0 0 0 0 0 0 0 0 0 0 -2.39487e-27 0 0 0 0 0 0 0 0 0 0 0 0 0 0 0 0 0 0 0.0155828 0 0 0 -7.38567e-05 0 0 0 0 0 -0.00830199 0 0 0 0 0 0 0 -0.0179271 0 0 0 0.0590983 0 0 0 0 0 0 0 0 0 0 0 0 0 0 0 0 0 0 0 0 -0.0024242 0 0 0 0 0 0 0 0 0 0 0 0 0.00310609 0 0 0 0 0 0 0 0 0 0 0 0 0 0 0 0 0 0 0 0 0 0.0473207 0 0 0 0 0 0 -1.32634e-11 0 0.0324872 0 -9.03982e-05 0 0 0 0 0 0 0 0 0 0 0 0 0 0 0 -0.000489403 0 0 0 0 0.0106811 0 0 0 0 0 0 0 0 0 0 0 0 0 0 0 0 0 0 0 0 0 0 -1.65236e-06 0 0 0 0 0 0 0 0 0 0 0 0 0 0 -2.65752e-07 0 0 0 0 0 0 0 0 0 0 0 0 0 0 0 0.00833584 0 0 0 0 0 0 0 0 0 -0.00208717 0 0 0 0 0 0 0.0302026 0 0 0 0 0 0 0 0 0 0 0 0 0 0 0 0 0 0 0 0 0 0.0213934 0 0 0 0 0 0 0 0.0180402 0 0 -1.69682e-05 0 -6.7934e-07 0 0 0 -0.000193155 0.0513304 0 0 0 0 0 0 0 0 0 0 0 0 0 -5.65982e-16 0 0 0 0 0 0 0 0 0 0 0 0.0342064 0 0 0 0 0 0 0 0 0 0 0 0 0 -2.48409e-11 0 0 0 -9.8518e-19 0 0 0 0 0 -6.20546e-05 0 0 -2.35511e-09 0 0 0 0 0 0 0 0 -0.000177092 0 0 0 0 0 0.119588 0 0 0 0 0 -0.00453976 0 0 0.0428484 0 0 0 0 0 0 0 0 0 0 0 0 0 0 0 0 0 0 0 0 0 0 0 0 0 0 0 0 0 0 0 0.0384362 0 0 0 0 0 0 0 0 0 0 0.0272297 0 0 0 -3.72946e-15 -9.31433e-06 0 0 0 0.131226 0 0 0 0 0 0 0 0 -1.01677e-06 -8.95165e-06 0 0 0 0 0 0 0 0 0 0 0 0 -3.26137e-12 0 0 0 0 0 0 0 0 0 0 0 0 0.00622671 0 0 0 0 0 0 0 0 0 0 0 0 0 0 0 0 0 0 0 0 0 0 0 0 0 0 0 0 0 0 -6.18428e-15 0 0 0 0 0 0 0 0 0 0 0 0 0 0 0 0 0 0 0 0 -7.02037e-14 0 0 0 0 0 0 0 0 0 -2.52874e-09 0 0 0 0 0 0 0 0 0 0 0 0 0 0 0 0 0 0 0 0 0 0 0 0 0 0 0 0.0602795 0 0 0 0 0 0.0288161 0 0 0 0 0 0 0 0 0 0 0 0 0 0 0 0 0 -1.15072e-09 0 0 0 0 0 -3.50631e-19 0 0 0.059638 -0.000181897 0 0 0.085084 0 0 0 0 0 0 0 0 0 0 0 0 0 0 0 0 0 0 0 0 0 0 0 0 0 0 0 0 0 0 0 0 0 0 0 0 0 0 0 0 0 0 0 0 0 0 0 0 0 0 0 0 0 0 0 0 0 0.0486151 0 0 0 0 0 -9.078e-05 0 0.0166479 0 0 0 0 0 0 0 0 0 0 0 0 0 0 0 0 0 0 0 0 0 0 0 0 -0.000298534 0 0 0 0 -0.000312204 -3.37702e-07 0 0 0 0 0 0 0 0 0 -7.49845e-17 0 0 0 0 -0.00962302 0 0.0117384 0 0 0 0 0 0 -3.06024e-06 0 0 0 0 0 0 0 0 0 0 -6.13092e-10 0 0 0 0 0.0238387 0 0 0 0 0 0 0 0 0 0 0 0 -8.98327e-05 0 0 0 0 0 0 0.0114611 0 0 0 -1.97078e-06 0 0 0 0 0 0 0 0 0 0 0 0 0 0 0 0 0 0 0 0 0 0 0 0 0.0879009 0 0 0 0 0.00326394 0 0 0 0 0 0 0 0 0 -0.000740605 -2.39262e-07 0.0475078 0 0 0 0 0 0 0 0 -4.37103e-05 0 0 0 0 0 0 0 0 0 0 0 0 0 0 0 0 -2.07651e-06 0 0 -3.39067e-06 0 0 0 -1.85733e-05 0 0 0 0 0 0 0 0 0 0 0 0 0 -3.59898e-05 0 0 0.0322753 0 0 0 0 0 0 0 0 0 0 0 0 -0.00575876 0 0 0 0 0 0 0 0 0 -0.00071242 0 0 0.00316868 -0.000435104 0 0 0 0.0898596 0 0 0 0 0 0 0 0 0 0 0 0 0 0 -3.87134e-10 0 0 0 0 0 0 0 0 0 -0.000169721 0 0 0 0 0 0 0 -5.88881e-05 0 0 0 0 0 0 0 0 0 0 0 0 0 0 0 0 0 -9.15375e-08 -2.19762e-05 -1.29094e-09 -5.0968e-05 0 0 0 0 0 0 0.0859393 0 0 0 0 0 0 0 0 0 -1.71513e-09 0 0 0 0 0 0 0 0 0 0 0 0 0 0 0 0 0 0 0 -6.6709e-10 0 0 0 0 0 0 0 0 0 0 0 0 0 0 0 0 0 0 0 0 -5.55852e-08 0.033886 0 0 0 0 0 0 0 0 0 0 0 0 0 0.0421576 0 0 0 0 0 0 0 0 0 0 0 0 0 0 0 0 0 0 0 0 0 0 0 0 0 0 -6.59621e-16 0 0 0 0 0.0265319 0 0 0 0 0 0.0240163 0 0 0 0 0 0 0.0260578 0 0 0 0 0 0 0 0 0 0 0 0 0 0 0 0 0 0 0 0 0 0 0 0 0 0 0 -4.17075e-05 0 0 0 0 0 0 0 0 0 0 0 0 0 0 0 0 0 0 0 0 0 0 0 0 -2.21227e-05 0 0 0 0 0.039006 0 0 0 0 0 0 0 0 0 0 0 0 0 0 0 0 0 0 0 0 0 0 0 0 0 0 0 0 0 -0.000890663 0 0 0 0 0 0 0 0 0 0 0 0 0 0 0 0 0 0 0 0 0 0 0 0 0 0 0 0 0 0 0 0 0 0 0 0 0 0 0 0 0 0 0 0 0 0 0.0182766 0 0 0 0 0 0 0 0 0 0 0 0 0 0 0 0.0053616 0 0 0 0 0 0 0 0 0 0 0 0 0 0 -1.22625e-05 0 0 0 0 0 0 0 0 0.116945 0 0 0 0 0 0 0 0 0 0 -2.20839e-12 0 -2.74258e-05 0 0 0 -0.0034165 0 -0.000663485 0 -0.0164368 0 0 0 0 0 0 0 0 0 -1.84441e-10 0 0 0 0 -2.0793e-05 0 0 0 0 0 0 0 0 0 0 0 0 -9.39037e-13 0 0 0 0 0 0 0 0 0 0 -0.00197722 0 0 0 0 0 0 0 0 0 0 -0.00106134 0 0 0 0 0 -7.33348e-13 0 0 0 0 0 0 0 0 0 0 0 0 0 0 0 0 0 0 0 0 0 0 0 0 0 0 0 0 0 0 0 0 0 0 0 0 0 0 0 0 0 0 0 0 0 0 0 0 0 0 0 0 0 0 -0.00270128 0 0 0 -1.76695e-07 0 0 0 0 0 0 0 0 0 0 0 0 0 0 0 0 0 0 0 0 0 0 0 0 0 -0.00167785 0 0 0 -1.99689e-06 0 0.0134711 0 0.036345 0 0 -6.59265e-05 0 0 0 0 0 0 0 0 0 0 0 0 0 0 0 0 0 -3.44219e-12 0 0 0.00771904 0 0 0 0 0 0 0 0 0 0.0299697 -8.54746e-07 0 0 0 0 0 0 0 0 0 0 0 0 0 0 0 0 0 0 0 0 -4.06657e-11 0 -0.00918289 0 0 0 0 0 0.0403632 0 0 0 0 0 0 0 0 0 0 0 0 0.0383619 0 0 0 0 0 0 0 0 0 0 0 0 0 -0.00256476 0 0 0 0 0 0 -5.17246e-13 0 0 0 0 0 0 0 0 -0.00761648 -1.37042e-06 0 0 0 -1.08648e-28 -0.00187852 0 0 0 0 -0.0277716 0 0 0 0 0 0 0 0 0.0691676 0 0 0 0 -2.93152e-12 0 0 0 0 0 0 0 0 0 0 0 0 0 0 0 0 0 0 -2.47713e-10 0 0 0 0.101931 0 0 0 0 0 0 0 0 0 0 0 0 0 0 0 0 0 0 0 -2.84072e-06 0 0 0 0 0 0 0 0 0 0 0 0 -3.98779e-08 0 0 0 0.0177093 0 0 0 0 0 0 0 0 0 0 0 0 0 0 0 0 0.00185565 0 0 0 0 0 0 0 0 0 0 0 0 0 0 0 0 0 0 0 0 0.0136914 0 0 0 -9.01436e-08 0 0 0 0 0 0 0 0 0 0 0 0 0 0 0 0 0 0 -8.68066e-16 0 0 0 -3.79649e-05 0 0 0 0 0 0 0 0 0 0 0 0 0 0 0 0 0 0 0 0 0 0 0 0 0 0 0 0 0 0 0 0 0 0 0 0 0 -0.00261796 0.0652813 0 0 0 0 0 0 0 0 0 0 0 0 0 0 0 0 0 0 0 0 0 0 0 0 -0.0063871 0 0 0 0 0 0 0 0 0 0 0 0 -0.00837431 0 0 0 0 0 0 0 0 0 0 0 0 0 0.0717909 0 0 0 0 0 0 -1.9045e-08 0 0 0 0 0 0 0 0 0 0 0 0.0690023 0 0 0 -1.24587e-05 0 0 0 0 0 0 0 0 0 0 0 0 0.050937 0 0 0 0 0 0 -0.00908302 0 0 0 0 0 0 0 0 0 0 0 0 -0.00171014 0 0 -6.01605e-05 0 0 0 0 0 0 0 0 0 0 0 0 0 0 0 0 0 0 0 0 0 0 0 0 0 0 -0.00447525 0 0 0 0 0 0 0 0 0.126036 0 0 0 -4.44997e-06 0 0 0 0 0 0 0 0 0 0 0 0 0 0 -3.86831e-15 0 0 0 -8.02261e-06 0 0 -1.60424e-08 0 0 0 0 0.0363074 0 0 0 0 0 0 0 0 0 0 0 -4.47716e-05 0.032304 0 0 0 0 0 0 0 0 0 0 0 0 0 0 0 -3.66665e-09 0 0 0 0 0 0 0 0 0 0 0 0 0 0 0 0 -8.50549e-08 0 0 0 0 0 0 0 0 0 -2.45746e-10 0 0.00660786 0 0 0 0 0 0 0 0 0 -1.14449e-14 0 -0.00255076 0 0 0 0 0 0 0 0 0 0 0 0 0 0 0 0 0 0 0 0 0 0 0 0 0 0 0 0 0 0 0 0 0 0 0 0 0 0 0 0 0 0 0 0 0 0 0 0 0 -1.00315e-06 -0.00352495 0 0.0213378 0 0 0 0 0 0 0 0 0 0 0 0 0 0 0.00202124 0 -2.488e-07 0 0 0 0 0 -0.000558074 0 0 0 0 0 0.0334042 0 0 0 0 0 -2.92385e-18 0 0 0 0 0 0 0 0 0 0 0 0 0 0 0 0 0 0 0 0 0 0 0 0 0 0.00462842 0 0 -0.000149727 0 -2.63728e-09 0 0 0 -0.0065316 0.0243611 0 0 0 0 -0.00107951 0 0 0 0 0.0201268 0.0447225 0 0 0 -1.40039e-10 0 0 0 0 0 0 0 0 0 0 0 0 0 0 0 0 0 0 -0.00131976 0 0 0 0 0 0 0 0 0 0 -7.64704e-05 0 0 0 0 0 0 0 0 0 0 0.000445796 0 0 0 0 0 -1.88933e-07 0 0 0 0 0 0 0 0 0 0 0 -1.5921e-11 0 0 0 0 0 0 0 0 -0.000729157 0 0 0 0 0 0 -1.19961e-06 0 0 0 0 0 0 0 0 0 0.106613 0 0 0 0 -7.37355e-14 0 -8.49399e-07 0 0 0 0 0 0 0 0 -8.57178e-08 0 0 0 0 -0.00100447 0 0 0 0 0 0 0.0700415 0 0 0 0 0 0 0 0 -3.7903e-07 0 0 0 0 -0.0016359 0 0 0 0 0 0 0 0 0 0 0 0 -5.54587e-06 0 0 0 0 0 0 0 0 -0.00163583 -8.54119e-18 0 0 0 0 0 0.0218803 0 0 0 0 0 -8.41021e-12 0 0 0 0 0 0 0 0 0 0 0 0 0 0 -6.55994e-07 0 0.0109985 0 0 0 0 0 0 -3.04317e-10 0 0 0 0 0 0 0 0 0 0 0 0 -1.56334e-11 0 0 -1.47826e-11 0 0 0 -5.68129e-05 0 0 0 0 0 -8.02431e-05 0 0 0 0 0 0 0 0 0 0 -0.000215149 0 0 0 0 -0.0106793 0 0 0 0 -6.41867e-07 0 0 0 0 -6.78812e-08 0 0.015916 0 0 0 0 -0.000302608 0 0 0 0 0 0 -9.69035e-05 0 -0.00247753 0 0 0 -0.000554553 0 0 0 0 0 0 0 0 0 -0.00271907 0 0 0 -0.0096635 0 -1.14508e-11 0 0 0 0 0 0 0 0.0587325 0 0 0 0 0.0546616 0 0 0 0 -7.14002e-06 0 0 0 0 0 0 0 0 0 0 0 0 0 0 0 0 0 0 0 0 0 0 0 0 0 0 0 0 0 0 0 0 -2.54346e-10 0 0 0 0 0 0 0 0 0 0 0 0 0 0 0 -1.12172e-05 0 0 0 0 0 0 0 0 0 0 0 0 0 0 0 0 0 0 0 0 0 0 0 0 0 0 0 0 0 0 0 0 0 -1.76742e-08 0 0 0 0.0350624 0 0.0489016 0 0 -0.00350158 0 0 0 0 0 0 0 0 0 0 -0.000193972 0 -8.03775e-11 0 0 0 0 0 0 0 0.0340489 0 0 0 0 0 -0.00280377 -0.00557645 0 0 0 0 -0.00150463 0 0.0851565 0 0 0 0 0 0 0 0 0 0 0 -3.0813e-09 0 0 0 0 0 0 -4.82153e-08 0 0 0 0 0 0 0 0 0 0 0 0 0 0 0 0 0 0 0 0 0 0 0 0 0 0 0 0 0 0 0 0 0 0 0 0 0 0 0 0 0 0 0.0235474 0 -7.86707e-05 0 0 0 0 0 0 0 0 0 0 0 0 0 0 0 0 0 0 0 0 0 0 0 0 0 0 0 0 0 0 -1.56648e-11 0 0 0 0 0 0 0 0 -1.60008e-06 0 0 -5.36335e-09 0 0 0 0 0 0 0 0 0 0 0 0 0 0 0 0 0.0299719 -2.95524e-11 0 0 0 0 0 0 0 0 0 0 0 0 0 0 0 0 0.0125411 0 -3.80507e-10 -0.020195 0 0 0 0 0 0 0 0 0 0 0 0 0 0 0 0 0 0 -0.00357429 0 0 0 0 0 0 0 0 0 0 0 0 0 0 0 0 0 -1.26938e-07 0 0 0 0 0 0 0 0 0 0 0 0 0 0 0 0 0 0 0 0 0 0 0 0 0 0 0 0 0 0 0 0 0 0 0 0 -5.73522e-14 0 0 0 -1.01238e-18 0 0 0 0 0 0 0 0 0 0 0 0.100101 0 -0.000416858 0 0 0 0.00974893 -5.92125e-05 0 0 -1.61947e-09 0 0 0 -0.00762122 0 0 0 0 0 -0.000115418 0 0 0 0.0622142 0 0 0 0 0 0 0.00405419 0 0 0 0 0 0 0 0 0 0 0 0 0 0 0 0 0 0 0 0 0 0 0 0 0 0 0 0 0 0 0 0 0 0 0 0 0 0 -0.00113787 0 0 0 0 0 0 0 0 0 0 0 0 0 0 0 0 0 0 0 0.171374 0 0 0 0 0 -0.000978564 0 0 0 0 0 0 0 0 0 0 0 0 0 -4.10836e-16 0 0 0 0 0 0 0 0 0 -0.001935 0 0 0 0 0 0 0 0 0 0 0 0 0 0 0 0 0 0 0 0 0 0 0 0 0 -2.56179e-10 0 0 0 0 0 -3.37905e-05 0 0 0 0 0 0 0 0 0 0 0 0 -0.000595911 0 0 0 0 0 0 0 0 0 0 0 0 0 0 0 -2.25749e-05 0 0 0 0 0 0 0 0 0.00819781 0 0 0 0 0 0 -3.92905e-13 0 0 -0.000279544 0 0 0 0.105205 -3.47646e-05 0 0 0 0 -6.07932e-06 0 0 0 0 0 0 0 0 0 0 0 0 0.0634439 0 0 0 0 0 0 0 0 0 0 0 0 0 0 0 0 0 0 0 0 0 0 0 0 0 0 0 0 0 0 -8.41879e-10 0 0 0 0 -6.57276e-08 0 0 0.0528153 0 0 0 0 0 0 0 0 0 0 0 0 0 0 0 0 0 0 0 0 0 0 0 0 0 0 0 0 0 0 -5.0494e-12 0 -9.3387e-09 -1.06584e-08 0 0 0 0 0 0 0 0 0 0 0 -0.0104041 0 0 0 0 0 -8.79624e-06 0 0 0 0 0 0.0302015 0 0 0 0 0 0 0 0 0 0 0 0 0 0 0 0 -8.6114e-06 0 0 0 0 0 0 0 0 0 0.00821197 0 0 -7.87191e-10 0 0 0 0 0 0 0 0.00440223 0 0 0 0 -6.18152e-12 0 0 0 0 0 0 0 0 0 0 0 0 0 0 0 0 0 0 0 0.00947757 0 0 0 0.0251716 0 -5.71587e-05 0 0 0 0 0 0.0356748 -8.55547e-07 0 0 0 0 0 0 0 0 0 0.0484652 0 0 0 0 0 0 0 0 0 0 0 0 0 0 0 0 0 0 0 0 0 0 0 0 0 0.0525049 0 0 0 0 0 0 0 0 0 0 0 0 0 -0.000959458 0 -3.8451e-07 0 0 0 0 0 0 0 -2.5728e-08 0 0 0 0 0 0 0 0 0 0 0 0 0 0 0 0 0 0 -0.000321201 0 0 0 0.0598723 0 0 -2.02486e-09 0 0 0 0 -0.00162992 0 0 0 0 0 0 0.00382934 0 0 0 0 0 0 0 -1.24009e-12 0 0 0 0 0 0 0 0 0 0 0 0 0 0 0 -1.92098e-07 0.0931479 0 0 0 0 0 0 -0.00271144 0 0 0 0 0 0 0 0 0 0 0 0 0 0 0 0 0 0 0 0 0 0 0 0 0 0 0 0 -1.90448e-05 0 0 0 0 0 0 0 0 0 0 0 0 0 0 0 0 0.0483506 -8.52663e-07 0 0 0 0 0 0 0 0 -0.00558636 0 0.00546166 0 0 0 0 0 0 0 0 0 0 0.00255107 0 0 0 0 0 0 0 0 0 0 0 0 0 0 0 0 0 0 0 0 0 0 0 0 0 0 0.140332 0 0 0 0 -0.00169426 0 0 0 0 0 0 0 0 0 0 0 0 0 0 0 0 0 0 0 0 0 0 0 0 0 0 0 0 0 0 -0.000661226 0 0 0 0 0 0.0304188 0 0 0 0 0 0 0 0 0 0 0 0 0 0 0 0 0 -3.59688e-11 0 0 -1.12759e-10 0 0 0 0 0 0 0 0 0 0 0 0 0 0 0 0 0 0 0 0 0 0 0 0 0 0 0 0 0 0 0 0 0 0 0 0 0 0 0 0 -0.000913695 0 0 0 0 0 0 0.0448249 0 -1.15993e-07 0 0 0 0.0220247 0 0 0 0 0 -3.07394e-07 0 0 0 0 0 0 0 0 0 0 0 0 0 0 0 0 0 -8.66857e-06 0 0 0 -3.37276e-23 0 0 0 0 0 -1.47032e-13 0 -9.33965e-05 0 0 0 0 0 0 0 0 0 0 0.0258365 0 0 0 0 0 0 0 0 0 0 0 0 0 0 0 0 0 0 0 0 -0.00375109 0.147362 0 0 -0.00279939 0 0 0 0 0 0.0420139 0 0 0 0 0 0 0 0 0.0161101 0 0 0 0 -0.00446787 0 0 0 0 0 0 0 -5.65201e-07 0 0 0 0 0 0 0 -0.0015403 0 0.0186525 0 0 0 0 0 0.03007 0 0.00938337 0 0 -2.41105e-13 0 0 0 0 0 0 0 0 0 0 0 0 0 0 0 0 0 0 -0.00016357 0 0 0 0 0 0 0 0 0.0358865 0 0.0475227 0 0 0 0 0 0 0 0 0 0 0 0 0 0 -4.92031e-12 0 0 0 0 0 0 0 -7.94947e-08 0 0 0 0 0 0 0 0 0 0 0 0 0 0 0 0 0 0 0 0 0 0 0 0 0 0 0 -0.000965575 0 0 0 0 0 0 0 0 0 0 0 0 -0.00159064 0 -0.00227923 0 0 0 0 -3.0455e-17 -0.00165139 0 0 0 -3.40968e-05 0 0 0 0 0 0 0 0 0 0 0 0 0 0 0 0 0 0 0 0 0 0 0 0 0 0 0 0 0 0 0 0 0 0 0 0 0 0 0.115275 0 0 0 0 0 0 0 -5.02365e-10 0 -4.30835e-05 0 0 0 -4.58547e-07 0 0 0 0 0 0 0 0 0 0.0191427 0 0 -0.00129766 0 0.00609972 0 0 0 0 0 0 0 0 0 0.061118 0 -0.00230524 0 0 0 0 0 0 0 0 0 0 -1.51822e-07 0 0 0 0 0 -0.000198242 0 0 0 0 0 -1.27549e-08 0 0 0 0 0 0 0 0 0 0 0 0 0 0 0 0 0 0 0 0 0 0 0 0 0 0 0 0 0 0 0 0 0 -7.92085e-11 0 0 0 -0.00464761 0 0 0 0 0.04919 0 0 0 0 0 0 0 0 0 0 0 0 0 0 0 0 0 0 0 0 0 0 0 0 0 0 0 0 0 0 0 0 0 0 0 0 -9.23319e-05 0 0 0 0 0 0 0 0 0 0 0 0 0 0 0 0 0 0 0 0 0 0 0 -0.00172019 0 0.0430989 0 0 0 0 0 0 0 0 0 0 0 0 0 0 0 0 0 0 0 0 0 0 0 0 0 0 0 0 0 0 0 0 0 0 0 0 0 0 0 0 0 -4.62186e-13 -5.54228e-08 0 0 0 0 0 0 -2.60868e-05 0 0 0 0 0 0 0 0 0 0 0 0 0 0 -4.95619e-10 0 0 0 0 0 0 0 -5.73857e-10 0 0 0 0 0 0 0 0 -9.18173e-07 0 0.0194121 0 0 0 0 0 0 -1.15502e-08 0 0 0 0 0 0 0 -0.000612229 0 0 0 0 0 0 0 0 0 0 0 0 0 0 0 0 0 0 0 0 0 0 0 0 0.0208991 0 0 0 0 0 0 0 0 0 0 0 0 0 0 -0.0090546 0 0 0 0 0 0 0 0 0 0 -3.91421e-11 0 0 0 0 0 0.00214504 -0.000423023 0 0 0 0 0 0 0 0 0 -8.88383e-08 0 0 0 0 0 0 0 0 0 0 0 0 0 0 0 0 0 0 0 0 0 0 -1.27553e-11 0 0 0 -0.00690651 0 0 0 0.108618 -4.61378e-09 0 0 0 0 0 0 0 0.0642074 0 0 -3.73828e-05 0 0 0 0 0 -6.91892e-12 0 0 0 0 0 0 0 0 0 0 0 0 0 0 0 0 0 -0.000734862 0 0 0 0 0 0 -1.35719e-09 0 0 0 0.0356807 0 0 0 0 0 0 0 0 0 0 0 0 0 0 0 0 0 0 0 0 0 0 -4.22446e-12 0 0.0432938 0 0 0 0.0135492 0 0 0 0 0 0 0 0 0 0 0 0 -1.13479e-05 0 -3.05048e-06 0 0 -6.50319e-07 0 0 0 0 0 0 0 0 0 0 0 0 0 0 0 0 0 0 0 0 0 0 0 0 0 0 0 0 0 0 0 0 0 0 -3.00843e-06 0 0 0 0 -4.1289e-12 0 0 0 0 0 0 0 0 0 0 0 0 0 0.07046 -2.42729e-11 0 0 0 0 0 -0.00054863 -7.61643e-05 0 0 0 0 0 0 0 0 0 0 0 0 0 0 0 0 0 0 0 0 0 0 0 0 0 0 0 0 0 0 0 0 0 0 0 0 0.0117889 0 0 0 0 0 0 0 0 -4.91925e-06 0 0 0 0 0 0 0 0 0 0 0 0 0 0 0 0 -0.00627887 -1.02703e-06 0 0 0 0 0 0 0 0 -1.15618e-10 0 0 0 0 0 -0.000983092 -4.52894e-07 0 0 0 0 0 0 -1.24887e-08 0.0996992 0 0 0 0 0 0 0 0 0 0 0 0 -0.000643096 0 0 0 0 0 0 0 0.037208 0 0 0 0 0 0 0 0 0 0 0 0 0 0 0 0 0 0 0 0 0 0 0 0 0 0 -8.37461e-09 0 0 0 0 -1.15528e-05 0 0.0156383 0 0 0 0 0 -8.20139e-05 0 0
