// Initial random seed:
1660858320886

// RunInitializeCallbacks():
initializeMutationRate(1e-07);
initializeMutationType(1, 0.5, "f", 0);
initializeMutationType(2, 0.5, "g", -0.01, 0.1);
initializeMutationType(3, 0.5, "e", 0.02);
initializeGenomicElementType(1, c(m1, m2, m3), c(1, 0.1, 0.01));
initializeGenomicElement(g1, 0, 99999);
initializeRecombinationRate(c(2.21515e-08, 4.48996e-08, 3.61178e-08, 5.1982e-08, 3.54785e-08, 4.15486e-08, 3.90257e-08, 2.55963e-08, 4.58496e-08, 3.07831e-08, 2.67682e-08, 3.9127e-08, 3.04606e-08, 2.83377e-08, 3.81655e-08, 1.50532e-08, 4.70875e-08, 3.02339e-08, 3.15292e-08, 2.96865e-08, 3.4857e-08, 3.73161e-08, 2.19739e-08, 2.12591e-08, 3.00143e-08, 5.21461e-08, 4.51933e-08, 3.60072e-08, 1.0049e-08, 5.50146e-08, 2.23205e-08, 3.72763e-08, 3.4786e-08, 3.61567e-08, 2.51742e-08, 3.87136e-08, 6.84618e-08, 3.81455e-08, 1.48479e-08, 3.55155e-08, 5.11117e-08, 5.44312e-08, 3.21902e-08, 3.22292e-08, 2.84204e-08, 3.48401e-08, 3.56099e-08, 2.10003e-08, 4.04102e-08, 1.86073e-08, 4.11184e-08, 3.2961e-08, 3.66309e-08, 4.02546e-08, 4.50377e-08, 3.32896e-08, 3.93883e-08, 3.04293e-08, 3.17033e-08, 2.74278e-08, 4.72397e-08, 3.99366e-08, 3.80492e-08, 4.78625e-08, 3.94055e-08, 4.40364e-08, 1.95639e-08, 1.75754e-08, 3.69854e-08, 3.68925e-08, 4.09678e-08, 4.79991e-08, 5.71732e-08, 5.62025e-08, 2.72948e-08, 3.64872e-08, 3.89082e-08, 2.25121e-08, 4.08957e-08, 1.42107e-08, 3.95523e-08, 3.23738e-08, 3.08743e-08, 3.65298e-08, 2.8671e-08, 2.15262e-08, 3.95889e-08, 2.38996e-08, 4.42653e-08, 5.05231e-08, 3.91662e-08, 1.75424e-08, 3.13157e-08, 2.55996e-08, 4.40279e-08, 3.6856e-08, 2.07915e-08, 5.9729e-08, 3.88574e-08, 2.8718e-08, 4.72682e-08, 2.60733e-08, 1.83202e-08, 3.92019e-08, 5.01905e-08, 2.82916e-08, 5.67533e-08, 3.77115e-08, 3.69017e-08, 3.94e-08, 4.12184e-08, 3.22096e-08, 3.85443e-08, 2.50847e-08, 3.71055e-08, 2.57036e-08, 4.36396e-08, 3.63122e-08, 3.06645e-08, 3.94796e-08, 4.43524e-08, 2.40898e-08, 2.69572e-08, 3.23209e-08, 3.28211e-08, 2.63797e-09, 3.3489e-08, 4.09396e-08, 5.05908e-08, 4.11497e-08, 1.73295e-08, 4.60356e-08, 2.17283e-08, 3.06817e-08, 4.78546e-08, 4.05949e-08, 4.12091e-08, 4.20277e-08, 5.26788e-08, 3.54512e-08, 3.73567e-08, 2.65212e-08, 3.32158e-08, 2.64665e-08, 4.16516e-08, 3.34845e-08, 3.86596e-08, 2.68677e-08, 2.09604e-08, 3.9323e-08, 4.87889e-08, 3.46622e-08, 4.32509e-08, 5.2306e-08, 2.82666e-08, 5.27335e-08, 1.59664e-08, 3.33944e-08, 3.6163e-08, 3.70041e-08, 3.09978e-08, 4.14207e-08, 2.81194e-08, 1.73493e-08, 3.00388e-08, 3.47172e-08, 3.40993e-08, 2.84095e-08, 3.19277e-08, 5.08015e-08, 4.89756e-08, 3.77168e-08, 2.70216e-08, 2.00709e-08, 3.92268e-08, 3.18203e-08, 3.29135e-08, 3.30466e-08, 2.81937e-08, 2.83809e-08, 3.72546e-08, 2.97759e-08, 2.96046e-08, 3.45023e-08, 3.15832e-08, 2.71253e-08, 2.2093e-08, 5.04184e-08, 5.0905e-08, 3.8954e-08, 3.43265e-08, 2.46748e-08, 2.2277e-08, 3.27935e-08, 1.97434e-08, 2.48456e-08, 2.1008e-08, 2.51967e-08, 2.96347e-08, 2.11126e-08, 5.05241e-08, 3.90083e-08, 3.60056e-08, 2.39365e-08, 4.20715e-08, 2.86917e-08, 5.17485e-08, 3.29721e-08, 4.76048e-08, 4.96335e-08, 2.70306e-08, 2.75983e-08, 3.08836e-08, 2.5664e-08, 2.59483e-08, 4.43058e-08, 2.18619e-08, 3.43721e-08, 2.34055e-08, 4.81532e-08, 1.46744e-08, 3.8424e-08, 5.41449e-08, 2.29712e-08, 2.56001e-08, 3.80907e-08, 3.29073e-08, 2.90718e-08, 3.41022e-08, 3.41145e-08, 3.9549e-08, 3.9544e-08, 2.68752e-08, 1.27826e-08, 3.80552e-08, 4.34791e-08, 3.2038e-08, 3.97094e-08, 4.17303e-08, 3.13478e-08, 3.14809e-08, 5.67506e-08, 3.565e-08, 3.2932e-08, 3.72315e-08, 2.49818e-08, 4.14514e-08, 4.46954e-08, 4.51883e-08, 3.85967e-08, 3.67446e-08, 4.40498e-08, 3.12095e-08, 5.59396e-08, 4.76918e-08, 2.37524e-08, 4.81411e-08, 2.17211e-08, 4.10248e-08, 2.54975e-08, 3.38052e-08, 5.14926e-08, 4.40831e-08, 3.39521e-08, 4.68301e-08, 3.43552e-08, 5.2518e-08, 3.54183e-08, 2.02641e-08, 3.99542e-08, 3.492e-08, 2.02944e-08, 1.21224e-08, 4.76743e-08, 3.74447e-08, 3.23642e-08, 1.8189e-08, 3.01074e-08, 3.77042e-08, 3.13004e-08, 5.10849e-08, 1.25214e-08, 3.97889e-08, 2.89917e-08, 2.72019e-08, 4.78076e-08, 4.5172e-08, 3.99191e-08, 2.48231e-08, 2.06129e-08, 3.5226e-08, 3.73818e-08, 3.25054e-08, 2.15054e-08, 3.49391e-08, 2.89003e-08, 4.26006e-08, 3.80952e-08, 3.18249e-08, 4.39368e-08, 6.82162e-09, 8.7623e-09, 2.90395e-09, 2.48847e-09, 5.73818e-09, 8.56567e-09, 5.39366e-09, 1.25475e-08, 6.65327e-09, 1.15415e-08, 8.87491e-10, 2.43414e-09, 6.83114e-09, 1.04265e-08, 2.69147e-09, 1.84737e-09, 4.76174e-09, 3.96253e-09, 1.66728e-08, 6.7111e-09, 8.02349e-09, 7.98612e-09, 5.15288e-09, 1.58469e-08, 3.04709e-09, 8.06347e-09, 7.75394e-09, 2.75965e-09, 3.60089e-09, 7.18741e-09, 1.3867e-08, 2.10803e-08, 5.43346e-09, 9.22425e-10, 1.66383e-08, 2.26818e-08, 5.65504e-09, 1.52448e-09, 5.15049e-09, 6.68376e-09, 1.25647e-08, 8.83263e-09, 3.3456e-09, 8.48096e-09, 9.14231e-09, 1.57249e-08, 1.58859e-08, 8.62109e-09, 1.11977e-09, 1.66605e-09, 4.66969e-09, 6.13259e-09, 1.35683e-08, 7.01072e-09, 1.06435e-09, 1.10945e-09, 1.92903e-09, 9.01384e-09, 1.48375e-08, 1.46272e-08, 8.50043e-09, 1.76002e-08, 9.08194e-09, 8.86516e-09, 4.67843e-10, 1.34712e-08, 8.20485e-09, 1.77434e-08, 1.16707e-08, 1.10677e-08, 9.249e-09, 3.19839e-09, 1.60545e-08, 7.91501e-09, 3.28407e-09, 7.52283e-10, 1.22643e-08, 1.42472e-08, 1.94532e-08, 4.77575e-09, 1.09938e-08, 1.86112e-08, 4.84045e-09, 8.62643e-09, 1.74186e-08, 2.78942e-08, 3.00826e-09, 4.61767e-09, 1.59982e-08, 3.09066e-08, 1.20294e-08, 1.25363e-08, 1.73529e-08, 6.18736e-09, 2.33493e-08, 1.16635e-08, 7.10364e-09, 1.27699e-08, 7.2301e-09, 5.4249e-09, 4.43218e-09, 5.40063e-09, 6.15563e-09, 5.90192e-09, 1.58184e-08, 6.33223e-09, 6.89863e-09, 1.10996e-08, 9.39745e-09, 1.54918e-08, 8.78153e-09, 1.29557e-08, 9.05305e-11, 4.99136e-09, 1.65391e-08, 6.70486e-09, 4.32996e-09, 8.93472e-09, 4.58486e-09, 5.24841e-09, 7.77428e-09, 1.07495e-08, 1.95105e-08, 5.64914e-10, 1.55554e-08, 9.36003e-10, 6.44055e-11, 3.70972e-11, 2.10631e-09, 1.21289e-08, 1.56705e-08, 3.55933e-09, 4.72353e-09, 5.58359e-09, 7.23416e-09, 5.85655e-09, 2.22354e-08, 3.55383e-09, 8.8569e-09, 1.60488e-08, 1.96525e-09, 5.68991e-09, 2.27146e-09, 5.82583e-10, 1.30744e-08, 1.40204e-08, 1.46947e-08, 4.72062e-09, 2.4384e-09, 6.78713e-09, 3.10328e-08, 4.21689e-08, 4.47798e-08, 3.02121e-08, 3.81147e-08, 4.03202e-08, 1.84026e-08, 3.01808e-08, 4.05285e-08, 2.86453e-08, 3.13117e-08, 3.48143e-08, 4.19445e-08, 3.094e-08, 4.90871e-08, 4.60528e-08, 3.48151e-08, 2.572e-08, 4.92852e-08, 1.71685e-08, 5.02987e-08, 4.33235e-08, 2.57499e-08, 2.4426e-08, 4.34697e-08, 1.67349e-08, 2.80811e-08, 3.26239e-08, 3.42959e-08, 5.22935e-08, 3.3083e-08, 2.34141e-08, 3.43922e-08, 3.04655e-08, 3.7196e-08, 3.63809e-08, 2.82162e-08, 4.69513e-08, 4.2619e-08, 4.6672e-08, 4.44185e-08, 2.24005e-08, 4.15154e-08, 3.44408e-08, 4.75642e-08, 3.55886e-08, 3.06483e-08, 3.82158e-08, 5.52121e-08, 2.35101e-08, 4.76352e-08, 3.81553e-08, 1.81543e-08, 2.96721e-08, 3.3055e-08, 4.89749e-08, 3.42508e-08, 4.12039e-08, 3.08751e-08, 4.01084e-08, 2.49432e-08, 5.61146e-08, 3.94768e-08, 3.4164e-08, 4.89057e-08, 2.86018e-08, 2.58997e-08, 3.57945e-08, 3.06836e-08, 3.44003e-08, 5.62477e-08, 3.91593e-08, 4.17875e-08, 2.56421e-08, 3.31921e-08, 1.01926e-08, 3.15875e-08, 2.43221e-08, 4.26151e-08, 4.55339e-08, 4.70662e-08, 4.04454e-08, 2.0647e-08, 5.53654e-08, 4.51719e-08, 3.71413e-08, 2.69547e-08, 2.96495e-08, 3.19963e-08, 2.88607e-08, 2.52899e-08, 2.52004e-08, 3.78116e-08, 5.10307e-08, 2.27994e-08, 3.72035e-08, 2.894e-08, 3.81404e-08, 2.99251e-08, 3.59565e-08, 2.83734e-08, 2.74255e-08, 3.13248e-08, 2.27579e-08, 2.44938e-08, 5.25815e-08, 2.63683e-08, 4.88618e-08, 3.78137e-08, 3.3006e-08, 2.61753e-08, 3.02072e-08, 2.22173e-08, 5.55045e-08, 1.61194e-08, 3.0941e-08, 4.84157e-08, 3.04804e-08, 2.7811e-08, 2.70232e-08, 2.89526e-08, 4.30632e-08, 5.03464e-08, 3.2991e-08, 4.48795e-08, 2.23066e-08, 2.71123e-08, 5.41717e-08, 3.8779e-08, 3.35322e-08, 4.56141e-08, 3.46503e-08, 4.24712e-08, 2.52235e-08, 4.87877e-08, 4.47669e-08, 3.8772e-08, 4.18836e-08, 3.84339e-08, 4.53298e-08, 4.03848e-08, 4.22677e-08, 4.20672e-08, 2.49866e-08, 4.0324e-08, 4.41662e-08, 4.18793e-08, 2.87871e-08, 1.54661e-08, 3.34456e-08, 2.83974e-08, 2.3381e-08, 3.46475e-08, 6.86341e-09, 3.75418e-08, 2.74102e-08, 3.20312e-08, 2.65098e-08, 2.58573e-08, 4.47208e-08, 3.52487e-08, 4.09413e-08, 1.67143e-08, 6.11526e-08, 3.42403e-08, 3.50571e-08, 4.38666e-08, 4.45718e-08, 2.28385e-08, 2.00295e-08, 1.58428e-08, 3.62335e-08, 3.35078e-08, 4.08922e-08, 3.02095e-08, 2.7345e-08, 2.592e-08, 2.58192e-08, 2.45721e-08, 2.8792e-08, 2.7882e-08, 2.19006e-08, 2.71142e-08, 3.54846e-08, 2.29924e-08, 3.51477e-08, 2.91887e-08, 4.65413e-08, 1.24345e-08, 5.41147e-08, 3.47515e-08, 3.96466e-08, 4.03104e-08, 4.24636e-08, 2.40503e-08, 2.77374e-08, 3.52503e-08, 3.83807e-08, 3.23555e-08, 5.0973e-08, 3.96245e-08, 3.11035e-08, 3.65788e-08, 1.56748e-08, 3.23628e-08, 3.27767e-08, 4.5542e-08, 3.79703e-08, 4.71109e-08, 2.45001e-08, 2.19383e-08, 4.01422e-08, 3.88119e-08, 3.39053e-08, 4.92568e-08, 2.54235e-08, 2.07981e-08, 4.7938e-08, 4.49697e-08, 6.63607e-08, 4.08144e-08, 3.53916e-08, 3.01669e-08, 2.77363e-08, 1.87257e-08, 1.88648e-08, 3.16893e-08, 3.92667e-08, 2.74213e-08, 3.52286e-08, 4.16844e-08, 3.91665e-08, 5.07237e-08, 5.03707e-08, 4.10551e-08, 3.79311e-08, 4.17326e-08, 3.54782e-08, 5.44138e-08, 3.08023e-08, 3.29738e-08, 4.93116e-08, 3.46187e-08, 4.20374e-08, 5.51885e-08, 5.81913e-08, 4.89924e-08, 4.31929e-08, 5.12603e-08, 3.78852e-08, 4.03419e-08, 1.69889e-08, 2.45373e-08, 4.2556e-08, 2.63045e-08, 3.4072e-08, 2.57209e-08, 3.42478e-08, 4.43505e-08, 2.72641e-08, 4.21233e-08, 3.89086e-08, 3.78581e-08, 3.96514e-08, 4.47019e-08, 3.03287e-08, 3.85963e-08, 5.20448e-08, 4.03336e-08, 4.42029e-08, 3.30109e-08, 3.20293e-08, 2.55411e-08, 4.57439e-08, 2.26967e-08, 4.51344e-08, 4.39228e-08, 3.26089e-08, 5.87739e-08, 2.62537e-08, 1.7917e-08, 4.26984e-08, 3.36083e-08, 3.06517e-08, 4.06254e-08, 2.78903e-08, 5.50884e-08, 4.26805e-08, 4.6773e-08, 3.04172e-08, 2.10872e-08, 4.16763e-08, 5.41605e-08, 2.57953e-08, 1.84331e-08, 4.57545e-08, 4.05013e-08, 3.17431e-08, 3.39814e-08, 4.49085e-08), c(100, 201, 301, 501, 602, 702, 902, 1003, 1103, 1303, 1404, 1504, 1704, 1805, 1905, 2105, 2206, 2306, 2506, 2607, 2707, 2907, 3008, 3108, 3308, 3409, 3509, 3709, 3810, 3910, 4110, 4211, 4311, 4511, 4612, 4712, 4912, 5013, 5113, 5313, 5414, 5514, 5714, 5815, 5915, 6115, 6216, 6316, 6516, 6617, 6717, 6917, 7018, 7118, 7318, 7419, 7519, 7719, 7820, 7920, 8120, 8221, 8321, 8521, 8622, 8722, 8922, 9023, 9123, 9323, 9424, 9524, 9724, 9825, 9925, 10125, 10226, 10326, 10526, 10627, 10727, 10927, 11028, 11128, 11328, 11429, 11529, 11729, 11830, 11930, 12130, 12231, 12331, 12531, 12632, 12732, 12932, 13033, 13133, 13333, 13434, 13534, 13734, 13835, 13935, 14135, 14236, 14336, 14536, 14637, 14737, 14937, 15038, 15138, 15338, 15439, 15539, 15739, 15840, 15940, 16140, 16241, 16341, 16541, 16642, 16742, 16942, 17043, 17143, 17343, 17444, 17544, 17744, 17845, 17945, 18145, 18246, 18346, 18546, 18647, 18747, 18947, 19048, 19148, 19348, 19449, 19549, 19749, 19850, 19950, 20150, 20251, 20351, 20551, 20652, 20752, 20952, 21053, 21153, 21353, 21454, 21554, 21754, 21855, 21955, 22155, 22256, 22356, 22556, 22657, 22757, 22957, 23058, 23158, 23358, 23459, 23559, 23759, 23860, 23960, 24160, 24261, 24361, 24561, 24662, 24762, 24962, 25063, 25163, 25363, 25464, 25564, 25764, 25865, 25965, 26165, 26266, 26366, 26566, 26667, 26767, 26967, 27068, 27168, 27368, 27469, 27569, 27769, 27870, 27970, 28170, 28271, 28371, 28571, 28672, 28772, 28972, 29073, 29173, 29373, 29474, 29574, 29774, 29875, 29975, 30175, 30276, 30376, 30576, 30677, 30777, 30977, 31078, 31178, 31378, 31479, 31579, 31779, 31880, 31980, 32180, 32281, 32381, 32581, 32682, 32782, 32982, 33083, 33183, 33383, 33484, 33584, 33784, 33885, 33985, 34185, 34286, 34386, 34586, 34687, 34787, 34987, 35088, 35188, 35388, 35489, 35589, 35789, 35890, 35990, 36190, 36291, 36391, 36591, 36692, 36792, 36992, 37093, 37193, 37393, 37494, 37594, 37794, 37895, 37995, 38195, 38296, 38396, 38596, 38697, 38797, 38997, 39098, 39198, 39398, 39499, 39599, 39799, 39900, 40000, 40101, 40201, 40302, 40503, 40603, 40704, 40905, 41005, 41106, 41307, 41407, 41508, 41709, 41809, 41910, 42111, 42211, 42312, 42513, 42613, 42714, 42915, 43015, 43116, 43317, 43417, 43518, 43719, 43819, 43920, 44121, 44221, 44322, 44523, 44623, 44724, 44925, 45025, 45126, 45327, 45427, 45528, 45729, 45829, 45930, 46131, 46231, 46332, 46533, 46633, 46734, 46935, 47035, 47136, 47337, 47437, 47538, 47739, 47839, 47940, 48141, 48241, 48342, 48543, 48643, 48744, 48945, 49045, 49146, 49347, 49447, 49548, 49749, 49849, 49950, 50151, 50251, 50352, 50553, 50653, 50754, 50955, 51055, 51156, 51357, 51457, 51558, 51759, 51859, 51960, 52161, 52261, 52362, 52563, 52663, 52764, 52965, 53065, 53166, 53367, 53467, 53568, 53769, 53869, 53970, 54171, 54271, 54372, 54573, 54673, 54774, 54975, 55075, 55176, 55377, 55477, 55578, 55779, 55879, 55980, 56181, 56281, 56382, 56583, 56683, 56784, 56985, 57085, 57186, 57387, 57487, 57588, 57789, 57889, 57990, 58191, 58291, 58392, 58593, 58693, 58794, 58995, 59095, 59196, 59397, 59497, 59598, 59799, 59899, 60000, 60100, 60200, 60301, 60501, 60601, 60702, 60902, 61002, 61103, 61303, 61403, 61504, 61704, 61804, 61905, 62105, 62205, 62306, 62506, 62606, 62707, 62907, 63007, 63108, 63308, 63408, 63509, 63709, 63809, 63910, 64110, 64210, 64311, 64511, 64611, 64712, 64912, 65012, 65113, 65313, 65413, 65514, 65714, 65814, 65915, 66115, 66215, 66316, 66516, 66616, 66717, 66917, 67017, 67118, 67318, 67418, 67519, 67719, 67819, 67920, 68120, 68220, 68321, 68521, 68621, 68722, 68922, 69022, 69123, 69323, 69423, 69524, 69724, 69824, 69925, 70125, 70225, 70326, 70526, 70626, 70727, 70927, 71027, 71128, 71328, 71428, 71529, 71729, 71829, 71930, 72130, 72230, 72331, 72531, 72631, 72732, 72932, 73032, 73133, 73333, 73433, 73533, 73734, 73834, 73934, 74135, 74235, 74335, 74536, 74636, 74736, 74937, 75037, 75137, 75338, 75438, 75538, 75739, 75839, 75939, 76140, 76240, 76340, 76541, 76641, 76741, 76942, 77042, 77142, 77343, 77443, 77543, 77744, 77844, 77944, 78145, 78245, 78345, 78546, 78646, 78746, 78947, 79047, 79147, 79348, 79448, 79548, 79749, 79849, 79949, 80150, 80250, 80350, 80551, 80651, 80751, 80952, 81052, 81152, 81353, 81453, 81553, 81754, 81854, 81954, 82155, 82255, 82355, 82556, 82656, 82756, 82957, 83057, 83157, 83358, 83458, 83558, 83759, 83859, 83959, 84160, 84260, 84360, 84561, 84661, 84761, 84962, 85062, 85162, 85363, 85463, 85563, 85764, 85864, 85964, 86165, 86265, 86365, 86566, 86666, 86766, 86967, 87067, 87167, 87368, 87468, 87568, 87769, 87869, 87969, 88170, 88270, 88370, 88571, 88671, 88771, 88972, 89072, 89172, 89373, 89473, 89573, 89774, 89874, 89974, 90175, 90275, 90375, 90576, 90676, 90776, 90977, 91077, 91177, 91378, 91478, 91578, 91779, 91879, 91979, 92180, 92280, 92380, 92581, 92681, 92781, 92982, 93082, 93182, 93383, 93483, 93583, 93784, 93884, 93984, 94185, 94285, 94385, 94586, 94686, 94786, 94987, 95087, 95187, 95388, 95488, 95588, 95789, 95889, 95989, 96190, 96290, 96390, 96591, 96691, 96791, 96992, 97092, 97192, 97393, 97493, 97593, 97794, 97894, 97994, 98195, 98295, 98395, 98596, 98696, 98796, 98997, 99097, 99197, 99398, 99498, 99598, 99799, 99899, 100000));

// Starting run at generation <start>:
1 

Fixed: 0 0 0 0.060671 0 0 0 0.0293883 0 0 0 0.0957636 0 0 0 -0.00107512 0 0 0 0 0.0245761 0.0166921 0 0 0 0.0494007 0 0 0 0 0 0.0658194 0 0 0.0112492 0.00564284 0 0 0 0 0 0 -0.000240923 0 0 0.0438766 0 0 0 0 0 0 -7.50326e-05 0 0 0 0 0 0 0 0 0.0586129 0 0 0.00807473 0 0.0181098 0 0 -0.00034664 0 0 -1.00377e-17 0 0 -6.00957e-06 0 0 0 -6.25742e-06 0 0 0 0 0 0.0525382 0 0 0 0 0 0 0 0.00559155 0 0 0 0 0 0 0 0 0 0 0 0 0 0 0 0 0.029474 0 0 0 0 0.0148172 0 0 -7.70595e-07 0 0 0 0 0 0 0 0 0 0 0 0 0.0716327 -7.37966e-20 0 0 0 0.0745289 0 0 0 0 0 0 0 0 0 0.0626306 -0.00459032 0 0 0 0 0 0 0 0 0 0.0401262 0 0 0 0 0 0 0 0 0 0 0.0541859 0 0 0 0 0 0.0271895 0.0464704 0.0594308 0 0 0 0.0759381 0 0 0 0.0470756 0 0 0.0331724 0 0 0 0.0121924 0 0 0 0 0 -4.80232e-08 0 0 0 0 0 -3.10768e-06 0 0 0.044179 0 0.0109054 0 0.123381 0 0 0 0 0 0 -0.00548428 0 -0.000945358 0.0544864 0 0 0 0.115353 0 0 0 0 0 0 0 0 0 0.0138773 0 0.0283057 0 0 0 0 0.117619 0 0 0 -0.00748112 0 0 0.0470242 0 -2.93866e-07 0 0 0 0 0 0 0 0 0 0 0 0.0433702 0.0114818 0.0304465 0 0.0205948 0 0 0 0 0 0 0.0759943 0 0 0 0 0 0 0 0 0 0 0.122082 0 0 0 0 0 0 0.0309931 0.112417 0 0 0 0 0 0.0552678 0 0 0 0 0 0 0 0 0.0518292 -1.68719e-05 0 0.0987236 0 0 0.0580138 0 0.0263425 0 0 0 0 0 0 0.0872243 0 0 0 0 0 0 0.0322265 0 0.0431272 0 0 0 0.0924837 0 0 0 0.0711302 0.0241007 0 0 0.0429356 0 0 0.0618977 0 0 0 0 0 0 0 0 0 0.0450968 0 0 0.0283016 0 0 0 0 0 0 0 0 0.0405516 0 0 0 0.0947734 0 0 0 0 0 0.101259 0 0 0.0425187 0 0 0 0 0.0166224 0 0 0 0 -3.63824e-07 -0.000554664 0.0189465 0 0.0515102 0.0403648 0 0 0 0 0 0 0 0 -2.01631e-08 0 0 0 0 0 0.0703784 -1.66633e-08 0 0.0362014 0.073951 0 0 0.0360585 0 0 0.0926779 0 0 0.069482 0 0 0.0253728 0.015726 0 -0.00280018 0.0499184 -0.00639776 -1.4095e-05 0 0 0.0596519 0 0 0 0.0061929 0.0690856 0 0 0 -1.20494e-05 0 0 0 -0.000171108 0 0 0.0856095 0 -2.39606e-12 0 0.0317035 0 0 0 0 0 0 0.013413 0 0 0.0362426 0 0 0.00721877 0.0678988 -1.96978e-07 0.0171135 0.0227816 0 0 0 0.0398163 0 0 0 0 0 0 0 0 0 0.0310018 0 0 0 0 0 0 0 0 0 0.0173262 0 0 0.0135066 0 0.107174 0 0 0.0355704 0 0.0140379 0.0604524 0 0 0 0 0 0.055877 0 0 0 0 0 0.0294686 0 0 0 0 0 0 0.0180227 0 0 0.0186907 0 0 0 -1.14464e-06 0 -0.000212458 0.0181948 0 0 0 0 0 0 -0.00449371 0.0287451 0 0 0 0 0 0 0 0 0 0 0 0.0122372 0.0673626 0 0.108635 0 0 0.0426008 0 0 0 0 0.160064 0 0 0.0192124 0.066228 0 0.0257453 0 0 0 -1.03424e-06 0 0 0 0 0 0 0 0 0.0170898 0 0 0 0 -1.25846e-07 0 0 0 0.0807082 0 0 0 0 -1.66845e-06 0 0 0 -0.0103152 0 0 -0.000316383 0 0 0 0 0 0 0 0 0 0.0682589 0 0 0 0.123709 0 0 0 0 0 0 0.0234685 0 0.09678 0 0 0 0 0 0 0 0 0 0.0103207 0 0 0 0 0 0 0.0428544 0 0 0 0 0.0392609 0.0341483 0 0 0 0 0.0909035 -2.89646e-05 0.00891999 0 0.0572794 0 0.043731 0 0 0 0 0.0157057 0 0 0 0 -0.000664351 0.0495791 0.0675627 0 0.0279664 0 0 0 0.0185434 0 -4.00374e-09 -0.00273707 0.189143 -0.000909065 0.0154286 0 0 0.00286781 0 0 0 0 0.0542964 0 0.0357178 0 0 0 0 0 0.0564071 0 0 0 0 0 0 0.0120231 0 0.0449802 0 0 0 0 0 0 0 0 0.0335955 0 0.0362493 0 0 0 0 0.0414657 0 0.0125399 0.0350356 0 0 0 0 0 0 0 0 0 -1.92368e-16 0 0 0 0.0525343 0 0 0.0255827 0 0 0 0 0.0857022 0 0 0.0747886 0.096424 0 0 0 0 0.0320438 0 0 0 0 0 0.00374684 0 0 0 -3.58872e-13 0.0537676 0 0 0 0 0 0 0 0.0297744 0 0 0.0397482 0 0 0.0480928 0 0 0 0 0 0 -3.10833e-10 0.183731 0 0.0530473 0 0 0 0 0 0 0 0 0 0.0195186 0 0 0 0.0376588 0 0 0 0 0.0162957 0 0 0.0535655 0 0 0 0 0 0 0 0 0 0 0.0479466 0 0 0 0 0.0461821 0 0 0.0508938 0 0 0.0180789 0 0 0 0 0 0 0 0.0132434 0 0 0 0 0 0 0 0.0125266 0 0 0 0 0 0 0 0 0.0292161 0 0 0.0507328 0 0.0313023 0 0 0 0 0.0775487 0.0178158 0 0 0 0 0.0370195 0.00918407 0 0 0 0 0 0 0 0 0.0543942 0 0 0 0 0.0455873 0.0654664 0.0458569 0 0 0 0 0 0 0 0.077147 0.0735922 0.0297006 0 0.0671395 -0.000134545 0 0 0.0168667 0 0 -3.60007e-25 0.0339713 0 0 0 0 0 0.0592161 0 0.0135905 0 -9.6654e-16 0 0.064903 0 0 0.0496549 0.0645779 0 0 0.0633397 0 0 0 0 0 0.0255905 0 0 0 0 0 0 0.0793479 0 0 0 0.0567819 0 0 0 0 0 0 0 0 0 0 0 0 0 0 0.0157298 0 0.0664522 0 -5.45568e-08 0 0 0 0 0 0 0 0 0 0 0 0.0405631 0 0 0 0 0 0.0166645 0 0 0 0 0 0.0815158 0 -0.000696456 0 0 0 -2.57591e-11 0 0.0694675 0 0 0 0 0 0.0262922 0 0 0 0.0375553 -1.31324e-10 0 0 0 0 0.0406543 0.0276232 0.101036 0 0.0192439 0 0 0 0 0 0 -0.00151511 0 0.0237436 0 0.00349184 0 0.0481594 0 0 0 0.033961 0 0.01248 0.0535211 0 0.046729 0 0 0 0.0350835 0 0.0581622 0.0227463 0 0 0 0.0392723 0 -0.000286902 0 0.0115294 0.0345274 0 0 0.0142869 0 0 0 0 0 0 0 0 0 0 0.0305285 0 0 0 0 0.0243795 0 0 0.0634376 0 0 0 0 0 0 0 0 0 0 0.062462 0 0 0 0 0.0379878 0.0208908 0 0 0 0 0 0.0471172 0 0 0 0 0.0546122 0 0 0 0 -0.0010988 0 -0.00217509 0 0.0767677 0.0158889 0 0 0 0 0 0.0604867 0 0 0 0 -3.21194e-15 0 0.00572157 -2.533e-05 0 0 0 0.0888719 0 0.029662 0 0 0 0.097709 0 0.0685348 0 0 0 0 0.0209525 -1.72318e-05 0 0 0 0.0449294 0 0 0.0340736 0 0.0163107 0 0 0 0 0.0823948 0 0
