// Initial random seed:
1661438561920

// RunInitializeCallbacks():
initializeMutationRate(1e-07);
initializeMutationType(1, 0.5, "f", 0);
initializeMutationType(2, 0.5, "g", -0.01, 0.1);
initializeMutationType(3, 0.5, "e", 0.02);
initializeGenomicElementType(1, c(m1, m2, m3), c(1, 0.1, 0.01));
initializeGenomicElement(g1, 0, 99999);
initializeRecombinationRate(c(7.10947e-08, 6.2907e-08, 5.9465e-08, 4.58204e-08, 7.0301e-08, 6.12382e-08, 5.48068e-08, 6.28375e-08, 8.21731e-08, 6.92022e-08, 5.64947e-08, 7.2169e-08, 6.06842e-08, 7.52071e-08, 6.69872e-08, 7.85579e-08, 5.75567e-08, 4.84686e-08, 8.2051e-08, 5.91835e-08, 7.02038e-08, 6.23769e-08, 7.21187e-08, 8.59683e-08, 8.03245e-08, 6.65427e-08, 6.89119e-08, 4.73795e-08, 8.16773e-08, 6.4258e-08, 4.01964e-08, 5.33973e-08, 7.33714e-08, 7.86073e-08, 4.9869e-08, 6.9674e-08, 5.0932e-08, 5.85961e-08, 8.34769e-08, 6.75166e-08, 5.72902e-08, 6.67795e-08, 7.2238e-08, 8.54507e-08, 4.05306e-08, 5.05747e-08, 6.9533e-08, 7.98996e-08, 4.56762e-08, 7.28814e-08, 7.99349e-08, 5.10433e-08, 6.45462e-08, 5.61535e-08, 8.73051e-08, 7.80271e-08, 7.3426e-08, 5.58846e-08, 6.87625e-08, 7.42126e-08, 7.44314e-08, 6.09563e-08, 8.87711e-08, 8.2671e-08, 7.07204e-08, 6.09205e-08, 7.22487e-08, 5.4361e-08, 5.54492e-08, 6.00818e-08, 5.41937e-08, 7.08733e-08, 8.55772e-08, 5.8002e-08, 5.70545e-08, 5.24378e-08, 6.82242e-08, 5.07524e-08, 5.86395e-08, 6.08839e-08, 7.95611e-08, 6.72112e-08, 5.16983e-08, 5.07594e-08, 7.71923e-08, 6.31925e-08, 5.89491e-08, 7.02886e-08, 8.58e-08, 6.33098e-08, 7.72145e-08, 6.72215e-08, 7.93096e-08, 5.24118e-08, 4.55463e-08, 7.55733e-08, 5.20397e-08, 8.04219e-08, 7.28365e-08, 5.21534e-08, 9.05579e-08, 5.35209e-08, 7.06892e-08, 6.52918e-08, 5.97742e-08, 5.10628e-08, 5.8053e-08, 4.89919e-08, 6.94017e-08, 4.85271e-08, 7.24965e-08, 6.53869e-08, 4.78067e-08, 6.9484e-08, 5.5935e-08, 6.29138e-08, 6.14905e-08, 6.0557e-08, 6.46777e-08, 5.74943e-08, 6.70315e-08, 6.15803e-08, 5.91827e-08, 6.11935e-08, 7.03302e-08, 5.16018e-08, 6.37632e-08, 6.59992e-08, 7.74719e-08, 7.22458e-08, 4.69733e-08, 6.88095e-08, 6.80136e-08, 6.61518e-08, 4.58429e-08, 6.35096e-08, 5.99461e-08, 7.53038e-08, 6.47642e-08, 7.85375e-08, 6.77412e-08, 5.89779e-08, 6.94352e-08, 5.89481e-08, 6.70095e-08, 7.71022e-08, 7.19843e-08, 5.95643e-08, 5.95323e-08, 6.41331e-08, 5.7926e-09, 2.93522e-09, 1.10836e-08, 1.55212e-09, 1.69171e-08, 6.95247e-09, 2.67337e-10, 1.04195e-08, 8.09251e-09, 2.11625e-08, 5.61553e-09, 3.65613e-09, 1.6722e-08, 2.08463e-08, 1.18946e-09, 2.24004e-08, 1.0019e-09, 2.18782e-09, 7.22268e-09, 1.59301e-09, 6.21825e-10, 1.27292e-09, 1.28438e-09, 7.29261e-09, 3.15325e-09, 9.40781e-09, 4.17888e-09, 5.91736e-09, 6.77672e-09, 2.9833e-09, 5.17402e-09, 2.11394e-09, 1.01389e-08, 8.21104e-09, 2.7974e-08, 3.39348e-10, 8.02861e-09, 7.58674e-09, 1.05112e-08, 1.38425e-08, 2.15305e-09, 6.91769e-09, 4.09576e-09, 7.42494e-09, 1.10854e-08, 1.3176e-08, 9.31511e-10, 4.65029e-09, 1.12589e-09, 9.17092e-10, 5.3304e-09, 6.13574e-09, 5.8465e-09, 6.51963e-09, 2.06308e-08, 3.1091e-09, 1.19713e-08, 2.61739e-09, 9.06196e-09, 5.23414e-09, 2.14281e-09, 8.20865e-09, 1.64333e-08, 4.0737e-09, 1.52393e-09, 6.25267e-09, 8.0587e-09, 3.78286e-09, 6.63925e-09, 4.49865e-09, 9.27845e-09, 2.33737e-09, 5.72967e-09, 7.15439e-09, 5.14309e-09, 5.97938e-10, 3.90526e-09, 1.24949e-08, 8.82098e-10, 1.24481e-08, 3.93958e-09, 1.72086e-08, 8.68058e-09, 3.78073e-10, 1.78079e-08, 2.2126e-08, 2.65732e-09, 1.35636e-08, 2.31786e-08, 7.20854e-09, 6.55137e-09, 1.06967e-08, 5.24943e-09, 9.83192e-09, 5.25435e-09, 4.40282e-09, 1.03656e-08, 1.47398e-08, 5.34731e-09, 9.10124e-09, 4.54611e-09, 4.17045e-09, 1.5998e-08, 5.49881e-09, 5.10873e-09, 2.57651e-09, 1.00237e-08, 5.82788e-09, 9.20634e-10, 1.13303e-08, 5.95318e-09, 8.289e-09, 3.4294e-09, 3.67079e-10, 1.03318e-08, 1.10774e-08, 3.10321e-09, 7.82577e-10, 5.23048e-09, 8.69155e-09, 1.76283e-08, 3.386e-09, 1.39623e-09, 7.0043e-09, 3.60255e-09, 1.71836e-08, 2.27518e-09, 9.60264e-10, 1.75143e-08, 6.317e-09, 7.16021e-09, 7.28902e-09, 1.91454e-08, 8.19171e-09, 2.30977e-08, 5.25805e-10, 4.18696e-09, 4.85433e-09, 1.00557e-09, 9.54244e-09, 2.29204e-08, 3.68523e-09, 8.48251e-09, 5.48172e-09, 3.17203e-09, 3.12331e-09, 3.12704e-09, 3.5709e-09, 1.68706e-10, 1.32475e-08, 5.2144e-10, 3.34378e-09, 9.51779e-09, 8.78194e-09, 3.48186e-10, 3.8472e-09, 9.70687e-09, 9.21229e-09, 1.10913e-09, 1.16746e-09, 8.32458e-09, 3.00803e-10, 8.80629e-09, 1.08141e-08, 1.13623e-08, 3.43168e-09, 5.12655e-09, 2.57143e-09, 3.80013e-09, 1.38191e-08, 7.13267e-09, 6.59059e-09, 7.7254e-09, 2.35164e-11, 1.17507e-08, 4.37333e-09, 5.40668e-09, 9.42212e-09, 8.48933e-09, 1.98544e-08, 6.82521e-09, 1.52591e-09, 1.06021e-08, 5.50871e-09, 8.59468e-09, 2.14721e-08, 9.79415e-09, 7.63078e-09, 1.07827e-08, 3.84009e-09, 1.05532e-08, 1.25354e-08, 1.06598e-09, 8.86031e-09, 4.02539e-09, 2.22523e-09, 2.06915e-09, 8.31813e-09, 8.05251e-09, 9.55729e-09, 8.63952e-09, 9.06471e-10, 1.34964e-08, 2.06312e-10, 5.9503e-09, 8.80842e-09, 4.47579e-09, 4.62198e-09, 4.50676e-10, 4.71479e-10, 7.73903e-10, 8.18856e-10, 5.03742e-09, 2.60931e-09, 8.02336e-09, 1.8838e-09, 2.78435e-09, 1.11278e-08, 9.04659e-09, 1.966e-08, 1.7769e-09, 2.7417e-09, 7.96711e-09, 6.14589e-10, 2.61602e-09, 2.41694e-08, 5.34716e-09, 8.87972e-09, 1.12945e-09, 2.70456e-09, 9.26211e-09, 1.83751e-09, 1.94849e-08, 1.18478e-08, 3.50518e-11, 4.53643e-09, 8.17455e-09, 1.20458e-08, 1.07798e-09, 4.62317e-09, 6.14256e-09, 7.76066e-09, 3.65102e-09, 2.74292e-09, 8.36409e-09, 3.73363e-09, 1.71702e-08, 1.33538e-09, 8.84872e-09, 3.08932e-09, 2.16413e-08, 6.95411e-09, 1.23545e-08, 6.03799e-09, 3.75394e-11, 1.37706e-09, 1.48758e-09, 1.96038e-08, 2.14307e-08, 6.42236e-09, 2.2372e-08, 6.19509e-09, 4.21223e-09, 1.67903e-10, 1.20772e-08, 1.44865e-08, 2.1685e-08, 1.26603e-08, 7.27225e-09, 6.76377e-09, 1.15214e-09, 5.80627e-09, 5.68855e-09, 6.31623e-09, 1.28373e-10, 2.37274e-09, 1.44836e-08, 8.8669e-09, 2.79896e-09, 1.15725e-08, 6.78767e-09, 6.26165e-09, 5.2554e-09, 1.49715e-08, 1.05469e-09, 1.3002e-08, 2.95102e-09, 2.57349e-09, 2.51382e-09, 1.52546e-08, 7.35388e-10, 2.50563e-08, 4.76911e-09, 1.26286e-08, 7.63101e-09, 1.08191e-08, 1.73181e-08, 1.47929e-09, 1.0937e-08, 3.91737e-09, 2.61563e-09, 4.14832e-09, 6.12357e-09, 1.2717e-08, 1.26693e-09, 3.34991e-09, 7.16863e-10, 4.08294e-09, 2.78862e-09, 9.74294e-09, 1.16216e-09, 8.52891e-09, 1.39329e-09, 4.51311e-09, 8.38561e-09, 2.5551e-09, 6.11997e-11, 5.89859e-09, 1.45003e-10, 1.8243e-09, 8.47151e-10, 9.69278e-09, 9.92723e-09, 1.63623e-09, 1.51094e-08, 3.14551e-09, 5.6316e-09, 2.95639e-09, 7.79048e-10, 1.20044e-08, 1.02544e-08, 1.13408e-08, 3.09387e-09, 1.38552e-08, 1.05562e-09, 9.76608e-09, 1.95117e-09, 7.68647e-09, 1.18682e-08, 1.00724e-09, 3.40836e-09, 1.76129e-08, 1.33087e-08, 1.30947e-08, 1.93497e-08, 5.9394e-09, 1.18803e-08, 1.92713e-08, 1.03367e-09, 8.95689e-09, 3.62405e-09, 2.65442e-09, 3.34368e-09, 1.37894e-08, 6.63782e-09, 3.18554e-09, 1.75704e-08, 4.9568e-09, 2.14795e-09, 7.99778e-10, 1.18605e-08, 2.21933e-08, 1.03902e-08, 1.35264e-08, 2.72833e-08, 3.91312e-09, 1.48772e-09, 1.6833e-08, 1.81962e-08, 1.32076e-08, 1.50126e-08, 2.08791e-08, 2.86449e-09, 1.14986e-08, 6.11283e-09, 2.0709e-08, 7.87852e-11, 4.92093e-09, 1.47796e-10, 9.74254e-09, 3.10828e-09, 1.51237e-09, 4.46527e-10, 4.83003e-09, 3.49109e-10, 4.85933e-09, 1.04795e-08, 1.73089e-08, 1.26712e-08, 2.25612e-10, 1.02263e-08, 1.89707e-09, 8.51718e-09, 1.57598e-08, 2.0995e-08, 2.16263e-08, 4.69472e-09, 3.42656e-10, 1.01253e-09, 8.28903e-09, 4.3672e-09, 3.97953e-09, 7.68242e-11, 4.21305e-09, 6.84731e-09, 7.54825e-09, 4.45947e-09, 3.68477e-09, 1.44549e-08, 3.1437e-08, 1.95083e-08, 5.36702e-09, 5.11765e-09, 1.47209e-09, 6.98771e-09, 1.07555e-08, 6.46595e-09, 4.24237e-10, 1.89746e-08, 8.79629e-09, 1.26951e-08, 3.42057e-10, 8.23902e-09, 9.13308e-09, 1.01937e-08, 6.64129e-09, 1.20526e-08, 1.92487e-08, 1.87557e-09, 6.66752e-09, 5.38934e-09, 8.84202e-09, 9.93155e-09, 5.10074e-09, 7.37699e-09, 9.55237e-09, 4.23101e-09, 5.19392e-09, 1.05482e-08, 3.23829e-09, 9.86109e-09, 1.14266e-08, 6.79245e-09, 1.08723e-08, 5.77408e-09, 4.85729e-09, 2.89407e-09, 2.7357e-09, 5.5459e-09, 2.16701e-08, 6.15073e-08, 6.863e-08, 7.06733e-08, 7.47649e-08, 7.5493e-08, 4.77788e-08, 6.99043e-08, 5.65942e-08, 6.65245e-08, 7.34804e-08, 5.73965e-08, 7.08305e-08, 6.93337e-08, 7.27559e-08, 6.53851e-08, 5.73632e-08, 5.55759e-08, 8.76436e-08, 7.05043e-08, 5.70162e-08, 5.9625e-08, 6.12501e-08, 7.29692e-08, 5.76026e-08, 7.24868e-08, 7.01706e-08, 4.41152e-08, 4.45585e-08, 6.87738e-08, 8.17873e-08, 5.29684e-08, 6.09737e-08, 7.2338e-08, 6.65745e-08, 4.22626e-08, 6.42617e-08, 6.67707e-08, 6.6638e-08, 7.28946e-08, 6.11112e-08, 8.72424e-08, 7.20507e-08, 7.01401e-08, 6.40618e-08, 6.90646e-08, 4.34182e-08, 5.2163e-08, 5.87813e-08, 8.10721e-08, 5.99855e-08, 6.32195e-08, 5.6966e-08, 6.60567e-08, 6.82018e-08, 5.67232e-08, 7.27371e-08, 5.01158e-08, 6.59005e-08, 6.2362e-08, 6.91349e-08, 6.51987e-08, 7.34153e-08, 6.91549e-08, 7.17238e-08, 7.1436e-08, 5.81035e-08, 4.52363e-08, 6.53985e-08, 6.6403e-08, 4.38829e-08, 6.02634e-08, 5.40283e-08, 6.41521e-08, 6.80371e-08, 5.85879e-08, 3.83995e-08, 6.4728e-08, 7.15024e-08, 5.91213e-08, 7.30879e-08, 4.54754e-08, 6.08614e-08, 6.42355e-08, 7.58346e-08, 6.99704e-08, 7.08097e-08, 6.41196e-08, 7.13885e-08, 6.37428e-08, 4.60327e-08, 6.14225e-08, 6.33927e-08, 7.39187e-08, 6.78072e-08, 6.61351e-08, 5.43149e-08, 6.06378e-08, 4.69937e-08, 4.93232e-08, 7.55178e-08, 7.03348e-08, 6.12269e-08, 5.38145e-08, 6.09052e-08, 5.88599e-08, 6.59122e-08, 5.23302e-08, 4.77386e-08, 5.71138e-08, 6.8078e-08, 5.27859e-08, 6.63466e-08, 4.41624e-08, 7.37803e-08, 6.17319e-08, 6.82233e-08, 6.20647e-08, 6.13506e-08, 5.84661e-08, 5.96329e-08, 5.61785e-08, 6.92103e-08, 8.28786e-08, 6.26817e-08, 4.82192e-08, 5.63027e-08, 5.66247e-08, 7.30215e-08, 6.05059e-08, 6.24219e-08, 7.19787e-08, 7.48656e-08, 6.10313e-08, 8.2543e-08, 7.69833e-08, 5.51567e-08, 8.26103e-08, 6.12941e-08, 5.82294e-08, 6.08099e-08, 6.08597e-08, 5.17684e-08, 6.5092e-08, 6.16559e-08, 5.5441e-08, 5.18639e-08, 6.33228e-08, 4.95706e-08, 5.88747e-08, 6.64398e-08), c(101, 201, 302, 503, 603, 704, 905, 1005, 1106, 1307, 1407, 1508, 1709, 1809, 1910, 2111, 2211, 2312, 2513, 2613, 2714, 2915, 3015, 3116, 3317, 3417, 3518, 3719, 3819, 3920, 4121, 4221, 4322, 4523, 4623, 4724, 4925, 5025, 5126, 5327, 5427, 5528, 5729, 5829, 5930, 6131, 6231, 6332, 6533, 6633, 6734, 6935, 7035, 7136, 7337, 7437, 7538, 7739, 7839, 7940, 8141, 8241, 8342, 8543, 8643, 8744, 8945, 9045, 9146, 9347, 9447, 9548, 9749, 9849, 9950, 10151, 10251, 10352, 10553, 10653, 10754, 10955, 11055, 11156, 11357, 11457, 11558, 11759, 11859, 11960, 12161, 12261, 12362, 12563, 12663, 12764, 12965, 13065, 13166, 13367, 13467, 13568, 13769, 13869, 13970, 14171, 14271, 14372, 14573, 14673, 14774, 14975, 15075, 15176, 15377, 15477, 15578, 15779, 15879, 15980, 16181, 16281, 16382, 16583, 16683, 16784, 16985, 17085, 17186, 17387, 17487, 17588, 17789, 17889, 17990, 18191, 18291, 18392, 18593, 18693, 18794, 18995, 19095, 19196, 19397, 19497, 19598, 19799, 19899, 20000, 20100, 20200, 20301, 20501, 20601, 20701, 20902, 21002, 21102, 21302, 21402, 21503, 21703, 21803, 21903, 22104, 22204, 22304, 22504, 22604, 22705, 22905, 23005, 23105, 23306, 23406, 23506, 23706, 23806, 23907, 24107, 24207, 24307, 24508, 24608, 24708, 24908, 25008, 25109, 25309, 25409, 25509, 25710, 25810, 25910, 26110, 26210, 26311, 26511, 26611, 26711, 26912, 27012, 27112, 27312, 27412, 27513, 27713, 27813, 27913, 28114, 28214, 28314, 28514, 28614, 28715, 28915, 29015, 29115, 29316, 29416, 29516, 29716, 29816, 29917, 30117, 30217, 30317, 30518, 30618, 30718, 30918, 31018, 31119, 31319, 31419, 31519, 31720, 31820, 31920, 32120, 32220, 32321, 32521, 32621, 32721, 32922, 33022, 33122, 33322, 33422, 33523, 33723, 33823, 33923, 34124, 34224, 34324, 34524, 34624, 34725, 34925, 35025, 35125, 35326, 35426, 35526, 35726, 35826, 35927, 36127, 36227, 36327, 36528, 36628, 36728, 36928, 37028, 37129, 37329, 37429, 37529, 37730, 37830, 37930, 38130, 38230, 38331, 38531, 38631, 38731, 38932, 39032, 39132, 39332, 39432, 39533, 39733, 39833, 39933, 40134, 40234, 40334, 40534, 40634, 40735, 40935, 41035, 41135, 41336, 41436, 41536, 41736, 41836, 41937, 42137, 42237, 42337, 42538, 42638, 42738, 42938, 43038, 43139, 43339, 43439, 43539, 43740, 43840, 43940, 44140, 44240, 44341, 44541, 44641, 44741, 44942, 45042, 45142, 45342, 45442, 45543, 45743, 45843, 45943, 46144, 46244, 46344, 46544, 46644, 46745, 46945, 47045, 47145, 47346, 47446, 47546, 47746, 47846, 47947, 48147, 48247, 48347, 48548, 48648, 48748, 48948, 49048, 49149, 49349, 49449, 49549, 49750, 49850, 49950, 50150, 50250, 50351, 50551, 50651, 50751, 50952, 51052, 51152, 51352, 51452, 51553, 51753, 51853, 51953, 52154, 52254, 52354, 52554, 52654, 52755, 52955, 53055, 53155, 53356, 53456, 53556, 53756, 53856, 53957, 54157, 54257, 54357, 54558, 54658, 54758, 54958, 55058, 55159, 55359, 55459, 55559, 55760, 55860, 55960, 56160, 56260, 56361, 56561, 56661, 56761, 56962, 57062, 57162, 57362, 57462, 57563, 57763, 57863, 57963, 58164, 58264, 58364, 58564, 58664, 58765, 58965, 59065, 59165, 59366, 59466, 59566, 59766, 59866, 59967, 60167, 60267, 60367, 60568, 60668, 60768, 60968, 61068, 61169, 61369, 61469, 61569, 61770, 61870, 61970, 62170, 62270, 62371, 62571, 62671, 62771, 62972, 63072, 63172, 63372, 63472, 63573, 63773, 63873, 63973, 64174, 64274, 64374, 64574, 64674, 64775, 64975, 65075, 65175, 65376, 65476, 65576, 65776, 65876, 65977, 66177, 66277, 66377, 66578, 66678, 66778, 66978, 67078, 67179, 67379, 67479, 67579, 67780, 67880, 67980, 68180, 68280, 68381, 68581, 68681, 68781, 68982, 69082, 69182, 69382, 69482, 69583, 69783, 69883, 69983, 70184, 70284, 70384, 70584, 70684, 70785, 70985, 71085, 71185, 71386, 71486, 71586, 71786, 71886, 71987, 72187, 72287, 72387, 72588, 72688, 72788, 72988, 73088, 73189, 73389, 73489, 73589, 73790, 73890, 73990, 74190, 74290, 74391, 74591, 74691, 74791, 74992, 75092, 75192, 75392, 75492, 75593, 75793, 75893, 75993, 76194, 76294, 76394, 76594, 76694, 76795, 76995, 77095, 77195, 77396, 77496, 77596, 77796, 77896, 77997, 78197, 78297, 78397, 78598, 78698, 78798, 78998, 79098, 79199, 79399, 79499, 79599, 79800, 79900, 80000, 80100, 80201, 80301, 80502, 80603, 80703, 80904, 81005, 81105, 81306, 81407, 81507, 81708, 81809, 81909, 82110, 82211, 82311, 82512, 82613, 82713, 82914, 83015, 83115, 83316, 83417, 83517, 83718, 83819, 83919, 84120, 84221, 84321, 84522, 84623, 84723, 84924, 85025, 85125, 85326, 85427, 85527, 85728, 85829, 85929, 86130, 86231, 86331, 86532, 86633, 86733, 86934, 87035, 87135, 87336, 87437, 87537, 87738, 87839, 87939, 88140, 88241, 88341, 88542, 88643, 88743, 88944, 89045, 89145, 89346, 89447, 89547, 89748, 89849, 89949, 90150, 90251, 90351, 90552, 90653, 90753, 90954, 91055, 91155, 91356, 91457, 91557, 91758, 91859, 91959, 92160, 92261, 92361, 92562, 92663, 92763, 92964, 93065, 93165, 93366, 93467, 93567, 93768, 93869, 93969, 94170, 94271, 94371, 94572, 94673, 94773, 94974, 95075, 95175, 95376, 95477, 95577, 95778, 95879, 95979, 96180, 96281, 96381, 96582, 96683, 96783, 96984, 97085, 97185, 97386, 97487, 97587, 97788, 97889, 97989, 98190, 98291, 98391, 98592, 98693, 98793, 98994, 99095, 99195, 99396, 99497, 99597, 99798, 99899, 100000));

// Starting run at generation <start>:
1 

Fixed: 0.0716529 0 0.0388054 0 0 0 -5.7834e-08 0 0 0.0681852 0 0 0.111401 0 0 0 0.0414438 0 0 0 0 0 0.0232471 0 0 0 0 0 0 0 0 0 0 0 0 0 0 0 0 0 0 0 0 0 0.0260219 0 0.0387769 0 0 0 0 0 0 0 0.00991395 0 0 0 -2.08709e-13 0.0173622 0 0 0.0423084 0 0.109263 0 0 0 0 0 0 0.0382538 0 0 0 0 0 0 0 0 0 0.0295094 0 0 0 0 0 0 0 0.0616127 0 0.0515994 0 -1.12084e-13 0 0 0 0.0976878 0 0 0 0 0.0505653 0.091898 0 0 0.0705776 0 0 0 0.0134529 0 0 0 0.0814787 0 0 0 0.0873664 -6.09815e-08 0 0 0.0534713 0 0 0 0.0299969 0 0 0 0 0 0 0.0512873 0 0 0 0.0656751 0 0 0.0176095 0 0 0 0 0.0816405 0 0 0 0 0 0.0297334 0 0 0 -7.25394e-07 0 0 0 0 0 0 0 0 0.0307346 0 0.0516295 0 0 0.0748109 0 -3.80266e-07 0 0.0255097 0 0 0 0 0 0 0.0418598 0 0 0 0 0 0.0651164 0 0 0 0.0510648 0 0 0.0491588 0 0 0 0 0 -3.25758e-07 0 0.00149869 0 0 -6.28897e-06 0 0 0 0 0 0 0 0 0 0 0 0 0.0393128 0 0 0 0 0 0 0 0 0 0 0.165935 0 0 0.02738 0 0.0476469 0 0 0 0.0774073 0 0 0 0 0 0 0.042758 0 0 0 0.0194028 0 0 0 0.0601993 0 0 -0.000306551 0 0 0 0 -1.66096e-10 0.0395563 0 0 0 0 0 0.014054 0.0188424 0 0 0 0 0 0 0 0.0749947 0 -3.2557e-07 0 0 0 0 0 0 0 0 -2.93891e-06 -4.67833e-09 0 0 0 0 0 0.0285192 0 0 0.0100484 0 0 0 0 0 0 0 0 0.0340878 0.0181597 0 0 0 0 0 0 0.0303722 0 0 0 0 0 0 0.0437026 0 0.0294891 0 0 -1.44758e-10 0 0 -1.4321e-09 0 0 0 0.0837289 0 0 0 0 0.018793 0 -7.06782e-14 0 0.0565077 0 -1.06193e-10 0 0.0419183 0 -5.20439e-05 0 0.0534791 0 0 -9.19374e-06 0 0.0615171 0 0 0 0 0 0 0 0 0 0 0 0.0518023 0 0 0 0.0552174 0.0215094 0 0 0 0 0.0205333 0 0 0.047824 -1.00999e-08 0.0745326 0 0 0 0 0 0 0 0 0 0 0 0 0 0 0 0 0 0.0627808 0 0 0.0452451 0 0 -1.36712e-08 0 0 -0.00103126 0.00906032 0 0 0 0 0.0274663 0 0 0 0.0534493 0.0362547 0.0430397 0 0 0 0 0 0 0.182335 0.0566687 0 0 0.11715 0 0 0 0.0440527 0 -4.42091e-05 0.198536 0 0 0.00650092 0 0 0 0 0 0 0 0 0.112545 0.0388684 0 0.0248228 0 0 0 0 0.0295765 0 0 0 0 0.0393723 0 0.0202254 0 0 0 0 0 0 0 0 0.0253878 0 0 0 0.0127483 0 0 0 0 0 0 0 0 0 0 0.0215753 0 0 0.0184965 0 0 0 0 0 0 0 0 0 0 0.0591588 0 0.000168574 0 -4.08772e-13 0 0 0 0 0 0 0.149714 0 0 0.046762 0 0 0 0.0515093 0 0 0.0393076 0 0 0 -6.66785e-13 0 0 0 0 0 0.0331125 0 0 0.0247657 0 0 0 0 -0.000224311 0 0 0.00562393 0 0 0 0 0 0 0 0 0 0 0.0822546 -0.000106746 0.00901148 0 0 -7.24792e-06 0 0 0 0 -2.94911e-09 0.143662 -1.38043e-05 0 0 0 0 -0.000662973 0 0 0.033713 0.0358865 0 0.0716418 0 0 0 0 0 0.0738921 0 0 0 -0.000455692 0.0116273 0 0 0 0 0 -9.43707e-07 0 0 0 0.0432935 0 0 0 0 0 0 0.0751315 0 0 0 0 0 0.0431564 0 0 0 0 0 0 0 0 0 0 0 0 0.0529152 0 0 -6.57728e-06 0 0 -1.82721e-12 0 0 0 0 0 0 0.066561 0 0 0 -0.00082486 0 0 0.0179814 0 0 0.0628619 0 -6.6459e-09 0 0 0.0592117 0 0 0 0.0403703 0 0 0 0 0.0042146 0 0.0248612 0 0.0934297 0 0 0.121072 0 0 0 0.0538879 0 0 0 0 0 0 0 0 0 0 0 0 0 0.0492185 0.0114694 0 0 0 0 0 0 0 0 0 0 0 0 0 0 0 -6.83528e-05 0 0 0 0.0463304 0.0409417 0 0 0 0 0 0 0 0 0 0 0.024268 0 0 0 0 0 0.0232372 0 0 0 0 -1.18534e-06 0 0 0 0 0 0 0 0 0.0444768 0 -8.0171e-05 0 0.00999596 0 0 0 0 0 0 0.0598875 0 0 -1.47451e-08 0 0 0 -3.74531e-05 0.00549415 0 0 0 0.0529449 0 0 0 0 0 0 0 0 0.0298265 0 0 0 0.0473488 0 0 0 0 0 0.0236013 -0.0027721 0 0.0819433 -4.05715e-05 0 0.06255 0 -0.00834832 0 0 0 0.0209902 0.0233762 0 -4.39085e-11 0 0 0 0 0 0 0 0 0 0.020841 0 0 0 0 0 0 0.0169446 0 0 0 0.105591 0 0.00760671 -1.17372e-06 0 0 0 0.0381102 0 0 0.0784109 0 0 0 0 0.148306 0 0 0.0289707 0 0 0 0 0.0531444 0 0 0 0 0.0380546 0 0.120537 0 0 0 0 0 0.035201 0 0 0 0 0.0351546 0.00910887 0 0 -0.00195615 0.00909879 0 0 0 0 -2.70333e-05 -4.65916e-10 0 0.00922776 0 0 0 0 0 0.017333 0 0 0.0151312 0 0 0 0 0 0 0 0 0 0 0.0497195 0 0 -0.00164607 0 -1.73556e-30 0 0.0453747 0 0 0 0 0 0 0.0186447 0 0 0.0306979 0 0 0 0.0702989 0 -1.8688e-06 0 0.0755288 0 0 0 0 0.0081958 0 0 0 0 0.048555 0 0 0 0.0699309 0 0 0 0 0.0260353 0 0.0318544 0 0 0.0683943 0.0544367 0 0 0.0338003 0 0 0 0 0 0 0 0 -0.000454455 0 0.0186881 0 0 0 0 0 0 0 0 0 0 -1.68909e-10 0 0 -7.27636e-07 0 0 0 0 0.0774794 -2.42906e-08 0 0 0 0 0 0 -3.58041e-27 0 0 0 0 0.0225976 0 -6.44675e-07 0 0 0 0.042608 0 0 0 0 0 0 0 0 0.0127354 0 0.0325419 0 0 0 0 -1.39705e-07 0 0 0.0140242 0 0 0.0824149 0 0 0.0386655 0 0 0 0 -0.00129133 0 0.0383365 0 0 0 0 0 0 0 0 0 0 0 0 0 0 0 0 0.0290907 0 0 0 0 0 0 0.0188154 0 -0.000771425 0 0 0 0 0.0565674 0 0 0 0 -0.00017777 0 0 0 0 0 0 0.0557684 0 0 0.09448 0.0123868 0.127084 0 0 0 0 -0.000465009 0 0 0.0487663 0 0 0.0623592 -4.40445e-05 0 0 0 0 0 0 0 0.085641 0 0.0631494 0 0 0 0 0 0 0 -1.97604e-13 0 -8.62142e-07 0 0.153938 0.0661691 0 0 0 0 -3.97673e-07 0.0779737 0 0 0 0 0 0 0 0 0.0422168 0 0.0307768 0 0 0 0 0.0552309 0 0 0.0238277 -3.62622e-07 0 0 0 0 0 0.0605265 0 0.0399307 0 0 0 0 0 0 0 0 0 0 0 0 0 0 0.0372284 0 0 0 0 -1.40137e-06 0 0 0.0328775 0 0.042117 0 0 0 0 0 -2.06098e-05 0 0.0159226 0 0 0 0.0419206 0 0 0 0.0224658 0 0 0.0366622 0 0.0361882 0 0.049035 0.0207836 0 0 0.0458625 0 0 0 0 0 0 0.0224853 0 0 -0.000530166 0.0305947 0 0 0 0 0 -0.00682953 0 0 0.0318335 0 -0.000431815 0 0 0 0.137432 0 0 0 0.0580923 0.10095 0 0 0 0 0 -3.02619e-27 0.0802497 0 -3.63666e-08 0 0 -1.24508e-07 0 0 0 0 0 0 0 0 0 0 0 0.0371373 0 0 0 0.0459945 0 0 0 -4.9411e-12 0.00806052 0.0651219 0 0 0.0603919 0 0 0 0 0 0.0574661 0 0 0 0 0.0185915 0 0 0.108973 0 -8.92685e-12
